

========== MODEL SUMMARIES ==========


Model: lingshu-32b
Weighted Average MAE: 122.6106, MRE: 3.7086, nMAE: 0.6538, SR: 1.0000 (Total Samples: 2057)
Weighted MRE<0.1: 0.1434 | Weighted MRE<0.2: 0.2479 | Weighted MRE<0.3: 0.3126

Group averages:
Group           | MAE      | MRE      | nMAE     | SR       | MRE<0.1  | MRE<0.2  | MRE<0.3  | Samples 
---------------------------------------------------------------------------------------------------
FeTA-Distance   | 43.4780  | 1.4841   | 0.2386   | 1.0000   | 0.0000   | 0.0200   | 0.0300   | 100     
Ceph-Angle      | 34.9986  | 5.1245   | nan      | 1.0000   | 0.0627   | 0.1108   | 0.1327   | 957     
Ceph-Distance   | 214.3685 | 2.5760   | 0.6953   | 1.0000   | 0.2350   | 0.4020   | 0.5130   | 1000    
Distance        | 198.8330 | 2.4767   | 0.6538   | 1.0000   | 0.2136   | 0.3673   | 0.4691   | 1100    
Angle           | 34.9986  | 5.1245   | nan      | 1.0000   | 0.0627   | 0.1108   | 0.1327   | 957     

Label-specific metrics:
Label                                              | MAE      | MRE      | nMAE     | SR       | MRE<0.1  | MRE<0.2  | MRE<0.3  | Samples 
-------------------------------------------------------------------------------------------------------------------------------------------
Ceph-Biometrics-400_angle_A-L_2_5-L_2_6            | 22.5712  | 10.6032  | nan      | 1.0000   | 0.0000   | 0.0000   | 0.0083   | 120     
Ceph-Biometrics-400_angle_A-L_1_2-L_2_6            | 37.8285  | 0.4714   | nan      | 1.0000   | 0.0500   | 0.1250   | 0.1667   | 120     
Ceph-Biometrics-400_angle_A-L_1_2-L_2_5            | 36.4158  | 0.4450   | nan      | 1.0000   | 0.0833   | 0.1667   | 0.2000   | 120     
Ceph-Biometrics-400_angle_A-L_5_6-L_8_10           | 34.4447  | 0.5197   | nan      | 1.0000   | 0.1750   | 0.2917   | 0.3583   | 120     
Ceph-Biometrics-400_angle_A-L_3_4-L_2_7            | 48.2575  | 0.5687   | nan      | 1.0000   | 0.0583   | 0.0583   | 0.0583   | 120     
Ceph-Biometrics-400_angle_A-L_1_2-L_9_10           | 36.4507  | 1.1880   | nan      | 1.0000   | 0.1333   | 0.2417   | 0.2583   | 120     
Ceph-Biometrics-400_angle_A-L_2_7-L_5_6            | 38.9093  | 14.0996  | nan      | 1.0000   | 0.0000   | 0.0000   | 0.0000   | 119     
Ceph-Biometrics-400_angle_A-L_3_4-L_17_18          | 24.9766  | 13.3115  | nan      | 1.0000   | 0.0000   | 0.0000   | 0.0085   | 118     
Ceph-Biometrics-400_distance_L-1-2                 | 66.7706  | 1.1379   | 0.2166   | 1.0000   | 0.0330   | 0.0440   | 0.0440   | 91      
Ceph-Biometrics-400_distance_L-1-10                | 77.7065  | 1.1896   | 0.2521   | 1.0000   | 0.4066   | 0.5824   | 0.6264   | 91      
Ceph-Biometrics-400_distance_L-2-5                 | 69.2994  | 1.3002   | 0.2248   | 1.0000   | 0.1758   | 0.3407   | 0.4725   | 91      
Ceph-Biometrics-400_distance_L-2-6                 | 1605.3398 | 18.4772  | 5.2073   | 1.0000   | 0.1429   | 0.3077   | 0.6044   | 91      
Ceph-Biometrics-400_distance_L-2-7                 | 329.0946 | 2.9976   | 1.0675   | 1.0000   | 0.2747   | 0.4725   | 0.7582   | 91      
Ceph-Biometrics-400_distance_L-2-8                 | 96.9007  | 0.8878   | 0.3143   | 1.0000   | 0.2967   | 0.5495   | 0.6703   | 91      
Ceph-Biometrics-400_distance_L-3-4                 | 24.0044  | 0.3504   | 0.0779   | 1.0000   | 0.3077   | 0.4396   | 0.6154   | 91      
Ceph-Biometrics-400_distance_L-5-6                 | 22.0768  | 0.6807   | 0.0716   | 1.0000   | 0.0000   | 0.0220   | 0.0769   | 91      
Ceph-Biometrics-400_distance_L-8-10                | 16.3685  | 0.2548   | 0.0531   | 1.0000   | 0.3297   | 0.7582   | 0.8132   | 91      
Ceph-Biometrics-400_distance_L-9-10                | 10.7343  | 0.1593   | 0.0348   | 1.0000   | 0.6154   | 0.8901   | 0.9231   | 91      
Ceph-Biometrics-400_distance_L-17-18               | 37.8177  | 0.8818   | 0.1227   | 1.0000   | 0.0000   | 0.0111   | 0.0333   | 90      
FeTA24_distance_L-9-10                             | 38.2973  | 1.3548   | 0.2101   | 1.0000   | 0.0000   | 0.0000   | 0.0000   | 20      
FeTA24_distance_L-1-2                              | 42.9301  | 1.4873   | 0.2360   | 1.0000   | 0.0000   | 0.0500   | 0.0500   | 20      
FeTA24_distance_L-3-4                              | 36.0635  | 2.9765   | 0.1987   | 1.0000   | 0.0000   | 0.0000   | 0.0000   | 20      
FeTA24_distance_L-5-6                              | 44.8353  | 0.7461   | 0.2453   | 1.0000   | 0.0000   | 0.0000   | 0.0000   | 20      
FeTA24_distance_L-7-8                              | 55.2637  | 0.8555   | 0.3029   | 1.0000   | 0.0000   | 0.0500   | 0.1000   | 20      

====================================================================================================


Model: medgemma-4b-it
Weighted Average MAE: 8156.7550, MRE: 134.6413, nMAE: 49.3865, SR: 0.9582 (Total Samples: 2057)
Weighted MRE<0.1: 0.0282 | Weighted MRE<0.2: 0.0603 | Weighted MRE<0.3: 0.0812

Group averages:
Group           | MAE      | MRE      | nMAE     | SR       | MRE<0.1  | MRE<0.2  | MRE<0.3  | Samples 
---------------------------------------------------------------------------------------------------
FeTA-Distance   | 50.2981  | 1.3313   | 0.2811   | 0.9000   | 0.0000   | 0.0000   | 0.0000   | 100     
Ceph-Angle      | 35.7689  | 2.9882   | nan      | 0.9666   | 0.0596   | 0.1233   | 0.1578   | 957     
Ceph-Distance   | 16739.1844 | 273.9643 | 54.2970  | 0.9560   | 0.0010   | 0.0060   | 0.0160   | 1000    
Distance        | 15222.0129 | 249.1795 | 49.3865  | 0.9509   | 0.0009   | 0.0055   | 0.0145   | 1100    
Angle           | 35.7689  | 2.9882   | nan      | 0.9666   | 0.0596   | 0.1233   | 0.1578   | 957     

Label-specific metrics:
Label                                              | MAE      | MRE      | nMAE     | SR       | MRE<0.1  | MRE<0.2  | MRE<0.3  | Samples 
-------------------------------------------------------------------------------------------------------------------------------------------
Ceph-Biometrics-400_angle_A-L_2_5-L_2_6            | 7.7040   | 2.7263   | nan      | 0.8750   | 0.0000   | 0.0000   | 0.0000   | 120     
Ceph-Biometrics-400_angle_A-L_1_2-L_2_6            | 54.8546  | 0.6813   | nan      | 0.9667   | 0.0500   | 0.1750   | 0.2833   | 120     
Ceph-Biometrics-400_angle_A-L_1_2-L_2_5            | 27.8931  | 0.3421   | nan      | 0.9750   | 0.3333   | 0.6250   | 0.6750   | 120     
Ceph-Biometrics-400_angle_A-L_5_6-L_8_10           | 55.2058  | 0.8228   | nan      | 0.9917   | 0.0333   | 0.0917   | 0.1417   | 120     
Ceph-Biometrics-400_angle_A-L_3_4-L_2_7            | 74.3284  | 0.8773   | nan      | 0.9667   | 0.0500   | 0.0750   | 0.1000   | 120     
Ceph-Biometrics-400_angle_A-L_1_2-L_9_10           | 33.2979  | 1.0176   | nan      | 0.9917   | 0.0083   | 0.0167   | 0.0417   | 120     
Ceph-Biometrics-400_angle_A-L_2_7-L_5_6            | 7.7630   | 1.0978   | nan      | 0.9832   | 0.0000   | 0.0000   | 0.0000   | 119     
Ceph-Biometrics-400_angle_A-L_3_4-L_17_18          | 24.6862  | 16.5509  | nan      | 0.9831   | 0.0000   | 0.0000   | 0.0169   | 118     
Ceph-Biometrics-400_distance_L-1-2                 | 15428.7658 | 262.1484 | 50.0464  | 0.9451   | 0.0000   | 0.0000   | 0.0000   | 91      
Ceph-Biometrics-400_distance_L-1-10                | 25300.3184 | 334.1498 | 82.0668  | 1.0000   | 0.0000   | 0.0110   | 0.0110   | 91      
Ceph-Biometrics-400_distance_L-2-5                 | 49092.4743 | 885.9310 | 159.2416 | 0.8571   | 0.0000   | 0.0000   | 0.0000   | 91      
Ceph-Biometrics-400_distance_L-2-6                 | 41703.8183 | 467.2287 | 135.2750 | 0.9890   | 0.0110   | 0.0110   | 0.0110   | 91      
Ceph-Biometrics-400_distance_L-2-7                 | 897.0189 | 8.7039   | 2.9097   | 0.9780   | 0.0000   | 0.0220   | 0.0769   | 91      
Ceph-Biometrics-400_distance_L-2-8                 | 5441.4484 | 49.7262  | 17.6505  | 0.8901   | 0.0000   | 0.0110   | 0.0220   | 91      
Ceph-Biometrics-400_distance_L-3-4                 | 4321.4044 | 63.2376  | 14.0174  | 1.0000   | 0.0000   | 0.0000   | 0.0220   | 91      
Ceph-Biometrics-400_distance_L-5-6                 | 8094.6439 | 241.2708 | 26.2567  | 0.9780   | 0.0000   | 0.0000   | 0.0000   | 91      
Ceph-Biometrics-400_distance_L-8-10                | 7222.8825 | 112.7814 | 23.4289  | 0.9670   | 0.0000   | 0.0000   | 0.0000   | 91      
Ceph-Biometrics-400_distance_L-9-10                | 3987.8327 | 59.2506  | 12.9354  | 0.9560   | 0.0000   | 0.0110   | 0.0330   | 91      
Ceph-Biometrics-400_distance_L-17-18               | 22705.9897 | 532.0152 | 73.6516  | 0.9556   | 0.0000   | 0.0000   | 0.0000   | 90      
FeTA24_distance_L-1-2                              | 83.1299  | 2.6712   | 0.4796   | 0.7000   | 0.0000   | 0.0000   | 0.0000   | 20      
FeTA24_distance_L-3-4                              | 12.9931  | 1.0000   | 0.0718   | 0.8500   | 0.0000   | 0.0000   | 0.0000   | 20      
FeTA24_distance_L-9-10                             | 30.0238  | 0.9950   | 0.1649   | 0.9500   | 0.0000   | 0.0000   | 0.0000   | 20      
FeTA24_distance_L-5-6                              | 58.7247  | 0.9905   | 0.3230   | 1.0000   | 0.0000   | 0.0000   | 0.0000   | 20      
FeTA24_distance_L-7-8                              | 66.6188  | 1.0000   | 0.3664   | 1.0000   | 0.0000   | 0.0000   | 0.0000   | 20      

====================================================================================================


Model: Qwen2.5-VL-32B-Instruct
Weighted Average MAE: 29990.1219, MRE: 384.8098, nMAE: 182.1598, SR: 0.9956 (Total Samples: 2057)
Weighted MRE<0.1: 0.0384 | Weighted MRE<0.2: 0.0710 | Weighted MRE<0.3: 0.1060

Group averages:
Group           | MAE      | MRE      | nMAE     | SR       | MRE<0.1  | MRE<0.2  | MRE<0.3  | Samples 
---------------------------------------------------------------------------------------------------
FeTA-Distance   | 1720.6847 | 81.2470  | 9.5845   | 1.0000   | 0.0500   | 0.1200   | 0.1700   | 100     
Ceph-Angle      | 41.1532  | 2.5830   | nan      | 0.9916   | 0.0104   | 0.0167   | 0.0303   | 957     
Ceph-Distance   | 61478.2286 | 780.9571 | 199.4174 | 0.9990   | 0.0640   | 0.1180   | 0.1720   | 1000    
Distance        | 56045.7246 | 717.3471 | 182.1598 | 0.9991   | 0.0627   | 0.1182   | 0.1718   | 1100    
Angle           | 41.1532  | 2.5830   | nan      | 0.9916   | 0.0104   | 0.0167   | 0.0303   | 957     

Label-specific metrics:
Label                                              | MAE      | MRE      | nMAE     | SR       | MRE<0.1  | MRE<0.2  | MRE<0.3  | Samples 
-------------------------------------------------------------------------------------------------------------------------------------------
Ceph-Biometrics-400_angle_A-L_2_5-L_2_6            | 5.7059   | 1.2579   | nan      | 0.9500   | 0.0000   | 0.0000   | 0.0000   | 120     
Ceph-Biometrics-400_angle_A-L_1_2-L_2_6            | 71.4832  | 0.8934   | nan      | 0.9917   | 0.0083   | 0.0083   | 0.0167   | 120     
Ceph-Biometrics-400_angle_A-L_1_2-L_2_5            | 75.8663  | 0.9241   | nan      | 1.0000   | 0.0000   | 0.0000   | 0.0000   | 120     
Ceph-Biometrics-400_angle_A-L_5_6-L_8_10           | 43.8588  | 0.6497   | nan      | 1.0000   | 0.0667   | 0.0917   | 0.1583   | 120     
Ceph-Biometrics-400_angle_A-L_3_4-L_2_7            | 61.5981  | 0.7255   | nan      | 1.0000   | 0.0000   | 0.0167   | 0.0250   | 120     
Ceph-Biometrics-400_angle_A-L_1_2-L_9_10           | 39.2279  | 1.2627   | nan      | 1.0000   | 0.0083   | 0.0167   | 0.0417   | 120     
Ceph-Biometrics-400_angle_A-L_2_7-L_5_6            | 6.9519   | 1.0000   | nan      | 0.9916   | 0.0000   | 0.0000   | 0.0000   | 119     
Ceph-Biometrics-400_angle_A-L_3_4-L_17_18          | 23.9621  | 14.1298  | nan      | 1.0000   | 0.0000   | 0.0000   | 0.0000   | 118     
Ceph-Biometrics-400_distance_L-1-2                 | 22979.9671 | 391.2397 | 74.5403  | 1.0000   | 0.1319   | 0.1868   | 0.2637   | 91      
Ceph-Biometrics-400_distance_L-1-10                | 15198.6945 | 218.5509 | 49.3001  | 1.0000   | 0.1319   | 0.2637   | 0.4176   | 91      
Ceph-Biometrics-400_distance_L-2-5                 | 69757.7873 | 1266.2721 | 226.2738 | 1.0000   | 0.0110   | 0.0220   | 0.0549   | 91      
Ceph-Biometrics-400_distance_L-2-6                 | 93247.7814 | 1052.3997 | 302.4685 | 1.0000   | 0.1758   | 0.2747   | 0.3297   | 91      
Ceph-Biometrics-400_distance_L-2-7                 | 173722.8492 | 1685.7393 | 563.5060 | 1.0000   | 0.0330   | 0.0659   | 0.0989   | 91      
Ceph-Biometrics-400_distance_L-2-8                 | 145820.2389 | 1329.6944 | 472.9982 | 1.0000   | 0.0549   | 0.1538   | 0.1978   | 91      
Ceph-Biometrics-400_distance_L-3-4                 | 29483.3816 | 431.1777 | 95.6355  | 1.0000   | 0.0220   | 0.0330   | 0.0659   | 91      
Ceph-Biometrics-400_distance_L-5-6                 | 13211.5600 | 409.9026 | 42.8544  | 0.9890   | 0.0330   | 0.0879   | 0.1648   | 91      
Ceph-Biometrics-400_distance_L-8-10                | 54122.0964 | 838.1995 | 175.5562 | 1.0000   | 0.0549   | 0.1209   | 0.1648   | 91      
Ceph-Biometrics-400_distance_L-9-10                | 47877.9824 | 719.9103 | 155.3022 | 1.0000   | 0.0549   | 0.0879   | 0.1319   | 91      
Ceph-Biometrics-400_distance_L-17-18               | 10275.5085 | 241.5144 | 33.3307  | 1.0000   | 0.0000   | 0.0000   | 0.0000   | 90      
FeTA24_distance_L-1-2                              | 2744.1255 | 105.9907 | 15.1582  | 1.0000   | 0.0000   | 0.0000   | 0.0000   | 20      
FeTA24_distance_L-3-4                              | 3453.7835 | 232.0788 | 19.0776  | 1.0000   | 0.0000   | 0.0000   | 0.0000   | 20      
FeTA24_distance_L-5-6                              | 1055.4228 | 16.3267  | 5.7709   | 1.0000   | 0.2000   | 0.2500   | 0.4000   | 20      
FeTA24_distance_L-7-8                              | 55.6620  | 0.8834   | 0.3090   | 1.0000   | 0.0500   | 0.2500   | 0.3500   | 20      
FeTA24_distance_L-9-10                             | 1294.4299 | 50.9555  | 7.6066   | 1.0000   | 0.0000   | 0.1000   | 0.1000   | 20      

====================================================================================================


Model: InternVL3-38B_bugfix-2eb7706
Weighted Average MAE: 33204.9508, MRE: 335.4460, nMAE: 202.8738, SR: 0.9990 (Total Samples: 2057)
Weighted MRE<0.1: 0.1376 | Weighted MRE<0.2: 0.2149 | Weighted MRE<0.3: 0.2669

Group averages:
Group           | MAE      | MRE      | nMAE     | SR       | MRE<0.1  | MRE<0.2  | MRE<0.3  | Samples 
---------------------------------------------------------------------------------------------------
FeTA-Distance   | 7571.3570 | 305.4251 | 41.5774  | 1.0000   | 0.1700   | 0.2700   | 0.3400   | 100     
Ceph-Angle      | 30.3363  | 6.1677   | nan      | 1.0000   | 0.2038   | 0.3030   | 0.3354   | 957     
Ceph-Distance   | 67516.4161 | 653.5674 | 219.0035 | 0.9980   | 0.0710   | 0.1250   | 0.1940   | 1000    
Distance        | 62066.8653 | 621.9181 | 202.8738 | 0.9982   | 0.0800   | 0.1382   | 0.2073   | 1100    
Angle           | 30.3363  | 6.1677   | nan      | 1.0000   | 0.2038   | 0.3030   | 0.3354   | 957     

Label-specific metrics:
Label                                              | MAE      | MRE      | nMAE     | SR       | MRE<0.1  | MRE<0.2  | MRE<0.3  | Samples 
-------------------------------------------------------------------------------------------------------------------------------------------
Ceph-Biometrics-400_angle_A-L_2_5-L_2_6            | 40.9497  | 20.8034  | nan      | 1.0000   | 0.0000   | 0.0083   | 0.0083   | 120     
Ceph-Biometrics-400_angle_A-L_1_2-L_2_6            | 23.3899  | 0.2939   | nan      | 1.0000   | 0.4000   | 0.6000   | 0.6250   | 120     
Ceph-Biometrics-400_angle_A-L_1_2-L_2_5            | 22.7490  | 0.2809   | nan      | 1.0000   | 0.6417   | 0.7333   | 0.7500   | 120     
Ceph-Biometrics-400_angle_A-L_5_6-L_8_10           | 66.9293  | 0.9978   | nan      | 1.0000   | 0.0000   | 0.0000   | 0.0000   | 120     
Ceph-Biometrics-400_angle_A-L_3_4-L_2_7            | 9.2006   | 0.1080   | nan      | 1.0000   | 0.5000   | 0.8667   | 1.0000   | 120     
Ceph-Biometrics-400_angle_A-L_1_2-L_9_10           | 23.9287  | 0.7072   | nan      | 1.0000   | 0.0000   | 0.0667   | 0.1250   | 120     
Ceph-Biometrics-400_angle_A-L_2_7-L_5_6            | 18.3260  | 5.8098   | nan      | 1.0000   | 0.0840   | 0.1429   | 0.1681   | 119     
Ceph-Biometrics-400_angle_A-L_3_4-L_17_18          | 37.2324  | 20.5777  | nan      | 1.0000   | 0.0000   | 0.0000   | 0.0000   | 118     
Ceph-Biometrics-400_distance_L-1-2                 | 3305.2798 | 57.1564  | 10.7214  | 1.0000   | 0.3187   | 0.3846   | 0.4835   | 91      
Ceph-Biometrics-400_distance_L-1-10                | 560.9877 | 8.7144   | 1.8197   | 1.0000   | 0.0769   | 0.2088   | 0.3297   | 91      
Ceph-Biometrics-400_distance_L-2-5                 | 16715.2950 | 290.3940 | 54.2195  | 0.9890   | 0.0110   | 0.0220   | 0.0549   | 91      
Ceph-Biometrics-400_distance_L-2-6                 | 2532.0917 | 26.0334  | 8.2134   | 0.9890   | 0.0549   | 0.0879   | 0.1868   | 91      
Ceph-Biometrics-400_distance_L-2-7                 | 73198.8187 | 751.3508 | 237.4355 | 1.0000   | 0.1209   | 0.2527   | 0.3297   | 91      
Ceph-Biometrics-400_distance_L-2-8                 | 642847.5299 | 5997.8384 | 2085.2091 | 1.0000   | 0.0989   | 0.1538   | 0.1868   | 91      
Ceph-Biometrics-400_distance_L-3-4                 | 1611.9646 | 23.7285  | 5.2287   | 1.0000   | 0.0000   | 0.0000   | 0.0000   | 91      
Ceph-Biometrics-400_distance_L-5-6                 | 454.9177 | 14.7123  | 1.4756   | 1.0000   | 0.0659   | 0.1319   | 0.1538   | 91      
Ceph-Biometrics-400_distance_L-8-10                | 363.7519 | 5.7570   | 1.1799   | 1.0000   | 0.0000   | 0.0000   | 0.0000   | 91      
Ceph-Biometrics-400_distance_L-9-10                | 188.7685 | 2.7205   | 0.6123   | 1.0000   | 0.0000   | 0.0000   | 0.0000   | 91      
Ceph-Biometrics-400_distance_L-17-18               | 161.0028 | 3.6940   | 0.5222   | 1.0000   | 0.0333   | 0.1333   | 0.4111   | 90      
FeTA24_distance_L-1-2                              | 21986.0224 | 789.1110 | 120.2177 | 1.0000   | 0.0000   | 0.0000   | 0.0000   | 20      
FeTA24_distance_L-3-4                              | 5829.3595 | 470.3960 | 32.1163  | 1.0000   | 0.0000   | 0.0000   | 0.0000   | 20      
FeTA24_distance_L-5-6                              | 3673.4456 | 69.2152  | 20.2929  | 1.0000   | 0.4000   | 0.7000   | 0.8500   | 20      
FeTA24_distance_L-7-8                              | 12.9390  | 0.1869   | 0.0714   | 1.0000   | 0.4500   | 0.6500   | 0.8500   | 20      
FeTA24_distance_L-9-10                             | 6355.0182 | 198.2166 | 35.1885  | 1.0000   | 0.0000   | 0.0000   | 0.0000   | 20      

====================================================================================================


Model: LLaVA-OneVision_bugfix-0a4c5e2
Weighted Average MAE: 1374.8536, MRE: 26.5726, nMAE: 9.0524, SR: 1.0000 (Total Samples: 2057)
Weighted MRE<0.1: 0.0462 | Weighted MRE<0.2: 0.0822 | Weighted MRE<0.3: 0.1517

Group averages:
Group           | MAE      | MRE      | nMAE     | SR       | MRE<0.1  | MRE<0.2  | MRE<0.3  | Samples 
---------------------------------------------------------------------------------------------------
FeTA-Distance   | 3967.3896 | 146.9437 | 21.7556  | 1.0000   | 0.1400   | 0.2000   | 0.2500   | 100     
Ceph-Angle      | 33.6363  | 4.7349   | nan      | 1.0000   | 0.0293   | 0.0690   | 0.1661   | 957     
Ceph-Distance   | 2399.1449 | 35.4343  | 7.7821   | 1.0000   | 0.0530   | 0.0830   | 0.1280   | 1000    
Distance        | 2541.7126 | 45.5715  | 9.0524   | 1.0000   | 0.0609   | 0.0936   | 0.1391   | 1100    
Angle           | 33.6363  | 4.7349   | nan      | 1.0000   | 0.0293   | 0.0690   | 0.1661   | 957     

Label-specific metrics:
Label                                              | MAE      | MRE      | nMAE     | SR       | MRE<0.1  | MRE<0.2  | MRE<0.3  | Samples 
-------------------------------------------------------------------------------------------------------------------------------------------
Ceph-Biometrics-400_angle_A-L_2_5-L_2_6            | 24.1511  | 14.9667  | nan      | 1.0000   | 0.0083   | 0.0167   | 0.0167   | 120     
Ceph-Biometrics-400_angle_A-L_1_2-L_2_6            | 43.9870  | 0.5534   | nan      | 1.0000   | 0.0000   | 0.0250   | 0.2417   | 120     
Ceph-Biometrics-400_angle_A-L_1_2-L_2_5            | 37.4324  | 0.4556   | nan      | 1.0000   | 0.0167   | 0.0750   | 0.2750   | 120     
Ceph-Biometrics-400_angle_A-L_5_6-L_8_10           | 32.2736  | 0.4808   | nan      | 1.0000   | 0.0917   | 0.2083   | 0.4167   | 120     
Ceph-Biometrics-400_angle_A-L_3_4-L_2_7            | 61.4651  | 0.7248   | nan      | 1.0000   | 0.0083   | 0.0167   | 0.0833   | 120     
Ceph-Biometrics-400_angle_A-L_1_2-L_9_10           | 24.9702  | 0.7405   | nan      | 1.0000   | 0.0000   | 0.0083   | 0.0167   | 120     
Ceph-Biometrics-400_angle_A-L_2_7-L_5_6            | 28.0669  | 8.1894   | nan      | 1.0000   | 0.1008   | 0.1681   | 0.2269   | 119     
Ceph-Biometrics-400_angle_A-L_3_4-L_17_18          | 16.4104  | 11.9163  | nan      | 1.0000   | 0.0085   | 0.0339   | 0.0508   | 118     
Ceph-Biometrics-400_distance_L-1-2                 | 356.3671 | 5.9574   | 1.1560   | 1.0000   | 0.0440   | 0.0440   | 0.1319   | 91      
Ceph-Biometrics-400_distance_L-1-10                | 22440.3169 | 326.4249 | 72.7898  | 1.0000   | 0.0000   | 0.0110   | 0.0220   | 91      
Ceph-Biometrics-400_distance_L-2-5                 | 192.5195 | 3.4476   | 0.6245   | 1.0000   | 0.0220   | 0.0549   | 0.0549   | 91      
Ceph-Biometrics-400_distance_L-2-6                 | 63.6793  | 0.7113   | 0.2066   | 1.0000   | 0.0769   | 0.1099   | 0.1648   | 91      
Ceph-Biometrics-400_distance_L-2-7                 | 52.7516  | 0.5106   | 0.1711   | 1.0000   | 0.2308   | 0.2747   | 0.2967   | 91      
Ceph-Biometrics-400_distance_L-2-8                 | 65.2679  | 0.5975   | 0.2117   | 1.0000   | 0.0440   | 0.1319   | 0.2198   | 91      
Ceph-Biometrics-400_distance_L-3-4                 | 65.3116  | 0.9526   | 0.2119   | 1.0000   | 0.0110   | 0.0110   | 0.0330   | 91      
Ceph-Biometrics-400_distance_L-5-6                 | 94.3840  | 2.8532   | 0.3062   | 1.0000   | 0.0000   | 0.0000   | 0.0000   | 91      
Ceph-Biometrics-400_distance_L-8-10                | 38.3051  | 0.5928   | 0.1243   | 1.0000   | 0.0110   | 0.0330   | 0.0330   | 91      
Ceph-Biometrics-400_distance_L-9-10                | 2907.7567 | 45.2703  | 9.4319   | 1.0000   | 0.0000   | 0.0220   | 0.0879   | 91      
Ceph-Biometrics-400_distance_L-17-18               | 88.5434  | 2.0923   | 0.2872   | 1.0000   | 0.1444   | 0.2222   | 0.3667   | 90      
FeTA24_distance_L-9-10                             | 134.0722 | 4.6605   | 0.7363   | 1.0000   | 0.0000   | 0.0500   | 0.0500   | 20      
FeTA24_distance_L-5-6                              | 15.9110  | 0.2657   | 0.0887   | 1.0000   | 0.4000   | 0.5500   | 0.6000   | 20      
FeTA24_distance_L-7-8                              | 24.1957  | 0.3446   | 0.1344   | 1.0000   | 0.3000   | 0.4000   | 0.6000   | 20      
FeTA24_distance_L-1-2                              | 17545.9591 | 585.4439 | 96.3027  | 1.0000   | 0.0000   | 0.0000   | 0.0000   | 20      
FeTA24_distance_L-3-4                              | 2116.8101 | 144.0039 | 11.5160  | 1.0000   | 0.0000   | 0.0000   | 0.0000   | 20      

====================================================================================================


Model: HealthGPT-L14_bugfix-2eb7706
Weighted Average MAE: 24.3809, MRE: 2.3816, nMAE: 0.0804, SR: 0.9835 (Total Samples: 2057)
Weighted MRE<0.1: 0.1740 | Weighted MRE<0.2: 0.3432 | Weighted MRE<0.3: 0.4657

Group averages:
Group           | MAE      | MRE      | nMAE     | SR       | MRE<0.1  | MRE<0.2  | MRE<0.3  | Samples 
---------------------------------------------------------------------------------------------------
FeTA-Distance   | 27.0383  | 1.3490   | 0.1490   | 0.7600   | 0.0800   | 0.1600   | 0.2200   | 100     
Ceph-Angle      | 25.9057  | 4.6318   | nan      | 0.9927   | 0.1672   | 0.2832   | 0.3292   | 957     
Ceph-Distance   | 22.6560  | 0.3314   | 0.0735   | 0.9970   | 0.1900   | 0.4190   | 0.6210   | 1000    
Distance        | 23.0544  | 0.4239   | 0.0804   | 0.9755   | 0.1800   | 0.3955   | 0.5845   | 1100    
Angle           | 25.9057  | 4.6318   | nan      | 0.9927   | 0.1672   | 0.2832   | 0.3292   | 957     

Label-specific metrics:
Label                                              | MAE      | MRE      | nMAE     | SR       | MRE<0.1  | MRE<0.2  | MRE<0.3  | Samples 
-------------------------------------------------------------------------------------------------------------------------------------------
Ceph-Biometrics-400_angle_A-L_2_5-L_2_6            | 18.8139  | 9.3577   | nan      | 1.0000   | 0.0000   | 0.0083   | 0.0083   | 120     
Ceph-Biometrics-400_angle_A-L_1_2-L_2_6            | 24.9219  | 0.3143   | nan      | 1.0000   | 0.2667   | 0.5167   | 0.6083   | 120     
Ceph-Biometrics-400_angle_A-L_1_2-L_2_5            | 21.5754  | 0.2626   | nan      | 1.0000   | 0.3083   | 0.6500   | 0.7083   | 120     
Ceph-Biometrics-400_angle_A-L_5_6-L_8_10           | 44.9338  | 0.6559   | nan      | 0.9667   | 0.0417   | 0.1583   | 0.2333   | 120     
Ceph-Biometrics-400_angle_A-L_3_4-L_2_7            | 14.7570  | 0.1773   | nan      | 0.9917   | 0.6250   | 0.7667   | 0.8083   | 120     
Ceph-Biometrics-400_angle_A-L_1_2-L_9_10           | 27.3869  | 0.8230   | nan      | 0.9917   | 0.0833   | 0.1417   | 0.2417   | 120     
Ceph-Biometrics-400_angle_A-L_2_7-L_5_6            | 20.3912  | 5.9055   | nan      | 1.0000   | 0.0084   | 0.0084   | 0.0084   | 119     
Ceph-Biometrics-400_angle_A-L_3_4-L_17_18          | 34.5635  | 19.8215  | nan      | 0.9915   | 0.0000   | 0.0085   | 0.0085   | 118     
Ceph-Biometrics-400_distance_L-1-2                 | 38.1224  | 0.6470   | 0.1237   | 1.0000   | 0.0330   | 0.3297   | 0.6374   | 91      
Ceph-Biometrics-400_distance_L-1-10                | 5.9284   | 0.0826   | 0.0192   | 1.0000   | 0.6374   | 0.9670   | 0.9780   | 91      
Ceph-Biometrics-400_distance_L-2-5                 | 19.6898  | 0.3578   | 0.0639   | 1.0000   | 0.1429   | 0.4286   | 0.6264   | 91      
Ceph-Biometrics-400_distance_L-2-6                 | 42.8599  | 0.4862   | 0.1390   | 1.0000   | 0.0440   | 0.1099   | 0.2857   | 91      
Ceph-Biometrics-400_distance_L-2-7                 | 23.3817  | 0.2283   | 0.0758   | 1.0000   | 0.2857   | 0.4945   | 0.6593   | 91      
Ceph-Biometrics-400_distance_L-2-8                 | 30.5628  | 0.2864   | 0.0991   | 0.9890   | 0.2637   | 0.4505   | 0.5385   | 91      
Ceph-Biometrics-400_distance_L-3-4                 | 23.0609  | 0.3408   | 0.0748   | 1.0000   | 0.2088   | 0.2967   | 0.3626   | 91      
Ceph-Biometrics-400_distance_L-5-6                 | 8.5592   | 0.2602   | 0.0278   | 0.9890   | 0.2308   | 0.5495   | 0.7033   | 91      
Ceph-Biometrics-400_distance_L-8-10                | 15.7938  | 0.2412   | 0.0512   | 0.9890   | 0.0000   | 0.2967   | 0.7802   | 91      
Ceph-Biometrics-400_distance_L-9-10                | 27.8216  | 0.4079   | 0.0902   | 1.0000   | 0.0879   | 0.3187   | 0.7033   | 91      
Ceph-Biometrics-400_distance_L-17-18               | 13.3329  | 0.3069   | 0.0432   | 1.0000   | 0.1556   | 0.3667   | 0.5556   | 90      
FeTA24_distance_L-5-6                              | 21.0625  | 0.2987   | 0.1173   | 0.2500   | 0.0000   | 0.0500   | 0.1000   | 20      
FeTA24_distance_L-7-8                              | 27.6221  | 0.4247   | 0.1523   | 0.6500   | 0.0000   | 0.1000   | 0.1500   | 20      
FeTA24_distance_L-9-10                             | 16.6970  | 0.6727   | 0.0917   | 0.9000   | 0.1500   | 0.2500   | 0.2500   | 20      
FeTA24_distance_L-1-2                              | 13.1708  | 0.4869   | 0.0728   | 1.0000   | 0.1500   | 0.2000   | 0.4000   | 20      
FeTA24_distance_L-3-4                              | 56.6393  | 4.8620   | 0.3107   | 1.0000   | 0.1000   | 0.2000   | 0.2000   | 20      

====================================================================================================


Model: gemma-3-27b-it
Weighted Average MAE: 2719.6240, MRE: 38.5979, nMAE: 16.4014, SR: 0.9942 (Total Samples: 2057)
Weighted MRE<0.1: 0.1021 | Weighted MRE<0.2: 0.1915 | Weighted MRE<0.3: 0.2669

Group averages:
Group           | MAE      | MRE      | nMAE     | SR       | MRE<0.1  | MRE<0.2  | MRE<0.3  | Samples 
---------------------------------------------------------------------------------------------------
FeTA-Distance   | 35.0647  | 1.7330   | 0.1928   | 1.0000   | 0.0900   | 0.2900   | 0.3400   | 100     
Ceph-Angle      | 36.2575  | 7.0218   | nan      | 0.9990   | 0.0669   | 0.1264   | 0.1964   | 957     
Ceph-Distance   | 5556.0616 | 72.5027  | 18.0222  | 0.9890   | 0.1370   | 0.2440   | 0.3270   | 1000    
Distance        | 5054.1528 | 66.0691  | 16.4014  | 0.9900   | 0.1327   | 0.2482   | 0.3282   | 1100    
Angle           | 36.2575  | 7.0218   | nan      | 0.9990   | 0.0669   | 0.1264   | 0.1964   | 957     

Label-specific metrics:
Label                                              | MAE      | MRE      | nMAE     | SR       | MRE<0.1  | MRE<0.2  | MRE<0.3  | Samples 
-------------------------------------------------------------------------------------------------------------------------------------------
Ceph-Biometrics-400_angle_A-L_2_5-L_2_6            | 17.2510  | 9.0766   | nan      | 1.0000   | 0.0083   | 0.0250   | 0.0333   | 120     
Ceph-Biometrics-400_angle_A-L_1_2-L_2_6            | 36.8583  | 0.4591   | nan      | 1.0000   | 0.0583   | 0.1000   | 0.2167   | 120     
Ceph-Biometrics-400_angle_A-L_1_2-L_2_5            | 33.5715  | 0.4073   | nan      | 1.0000   | 0.0667   | 0.1500   | 0.2833   | 120     
Ceph-Biometrics-400_angle_A-L_5_6-L_8_10           | 25.5485  | 0.4005   | nan      | 1.0000   | 0.2083   | 0.3750   | 0.5333   | 120     
Ceph-Biometrics-400_angle_A-L_3_4-L_2_7            | 31.5785  | 0.3717   | nan      | 1.0000   | 0.1250   | 0.2417   | 0.3417   | 120     
Ceph-Biometrics-400_angle_A-L_1_2-L_9_10           | 38.7404  | 1.2619   | nan      | 1.0000   | 0.0583   | 0.1000   | 0.1417   | 120     
Ceph-Biometrics-400_angle_A-L_2_7-L_5_6            | 70.7192  | 24.2294  | nan      | 0.9916   | 0.0000   | 0.0000   | 0.0000   | 119     
Ceph-Biometrics-400_angle_A-L_3_4-L_17_18          | 36.0768  | 20.3329  | nan      | 1.0000   | 0.0085   | 0.0169   | 0.0169   | 118     
Ceph-Biometrics-400_distance_L-1-2                 | 4369.4288 | 77.6408  | 14.1731  | 0.9670   | 0.1758   | 0.1978   | 0.2637   | 91      
Ceph-Biometrics-400_distance_L-1-10                | 2729.7949 | 38.0229  | 8.8547   | 1.0000   | 0.0330   | 0.0659   | 0.0659   | 91      
Ceph-Biometrics-400_distance_L-2-5                 | 525.5928 | 8.7004   | 1.7049   | 1.0000   | 0.1868   | 0.3407   | 0.4286   | 91      
Ceph-Biometrics-400_distance_L-2-6                 | 247.4861 | 3.0048   | 0.8028   | 0.9890   | 0.4615   | 0.6154   | 0.6593   | 91      
Ceph-Biometrics-400_distance_L-2-7                 | 10573.5647 | 104.7486 | 34.2975  | 1.0000   | 0.1319   | 0.3626   | 0.4286   | 91      
Ceph-Biometrics-400_distance_L-2-8                 | 13197.4242 | 118.0837 | 42.8086  | 0.9780   | 0.1538   | 0.2857   | 0.3516   | 91      
Ceph-Biometrics-400_distance_L-3-4                 | 433.5082 | 6.2666   | 1.4062   | 0.9890   | 0.0440   | 0.0659   | 0.1429   | 91      
Ceph-Biometrics-400_distance_L-5-6                 | 62.9279  | 1.9110   | 0.2041   | 1.0000   | 0.0440   | 0.1319   | 0.2418   | 91      
Ceph-Biometrics-400_distance_L-8-10                | 25480.3510 | 382.6806 | 82.6508  | 0.9890   | 0.0220   | 0.0549   | 0.1429   | 91      
Ceph-Biometrics-400_distance_L-9-10                | 3134.6071 | 48.6150  | 10.1677  | 0.9780   | 0.0989   | 0.2088   | 0.3626   | 91      
Ceph-Biometrics-400_distance_L-17-18               | 304.2800 | 7.1375   | 0.9870   | 0.9889   | 0.1556   | 0.3556   | 0.5111   | 90      
FeTA24_distance_L-1-2                              | 31.0127  | 1.0631   | 0.1698   | 1.0000   | 0.0000   | 0.0000   | 0.0000   | 20      
FeTA24_distance_L-3-4                              | 59.7380  | 4.8835   | 0.3287   | 1.0000   | 0.0000   | 0.0000   | 0.0000   | 20      
FeTA24_distance_L-9-10                             | 61.4473  | 2.3228   | 0.3381   | 1.0000   | 0.0000   | 0.0000   | 0.0000   | 20      
FeTA24_distance_L-5-6                              | 10.6928  | 0.1929   | 0.0588   | 1.0000   | 0.2000   | 0.7500   | 0.8500   | 20      
FeTA24_distance_L-7-8                              | 12.4325  | 0.2028   | 0.0687   | 1.0000   | 0.2500   | 0.7000   | 0.8500   | 20      

====================================================================================================


Model: GLM-4.6V-Budget16k
Weighted Average MAE: 21.3213, MRE: 1.7233, nMAE: 0.0803, SR: 0.8858 (Total Samples: 2057)
Weighted MRE<0.1: 0.1731 | Weighted MRE<0.2: 0.3014 | Weighted MRE<0.3: 0.3947

Group averages:
Group           | MAE      | MRE      | nMAE     | SR       | MRE<0.1  | MRE<0.2  | MRE<0.3  | Samples 
---------------------------------------------------------------------------------------------------
FeTA-Distance   | 32.0934  | 1.1375   | 0.1769   | 0.8500   | 0.0100   | 0.0800   | 0.1400   | 100     
Ceph-Angle      | 19.7136  | 3.2274   | nan      | 0.8882   | 0.2090   | 0.2936   | 0.3532   | 957     
Ceph-Distance   | 21.7826  | 0.3424   | 0.0707   | 0.8870   | 0.1550   | 0.3310   | 0.4600   | 1000    
Distance        | 22.7200  | 0.4147   | 0.0803   | 0.8836   | 0.1418   | 0.3082   | 0.4309   | 1100    
Angle           | 19.7136  | 3.2274   | nan      | 0.8882   | 0.2090   | 0.2936   | 0.3532   | 957     

Label-specific metrics:
Label                                              | MAE      | MRE      | nMAE     | SR       | MRE<0.1  | MRE<0.2  | MRE<0.3  | Samples 
-------------------------------------------------------------------------------------------------------------------------------------------
Ceph-Biometrics-400_angle_A-L_2_5-L_2_6            | 9.2977   | 5.4733   | nan      | 0.8417   | 0.0333   | 0.1083   | 0.1750   | 120     
Ceph-Biometrics-400_angle_A-L_1_2-L_2_6            | 24.6435  | 0.3076   | nan      | 0.9500   | 0.3667   | 0.4917   | 0.5750   | 120     
Ceph-Biometrics-400_angle_A-L_1_2-L_2_5            | 16.2773  | 0.1981   | nan      | 0.8583   | 0.5250   | 0.5833   | 0.6083   | 120     
Ceph-Biometrics-400_angle_A-L_5_6-L_8_10           | 31.5567  | 0.4728   | nan      | 0.9417   | 0.1500   | 0.2417   | 0.3000   | 120     
Ceph-Biometrics-400_angle_A-L_3_4-L_2_7            | 20.6382  | 0.2424   | nan      | 0.8500   | 0.4000   | 0.5000   | 0.5833   | 120     
Ceph-Biometrics-400_angle_A-L_1_2-L_9_10           | 23.0240  | 0.7168   | nan      | 0.8833   | 0.1000   | 0.2250   | 0.3167   | 120     
Ceph-Biometrics-400_angle_A-L_2_7-L_5_6            | 11.8163  | 4.6350   | nan      | 0.9160   | 0.0756   | 0.1429   | 0.1933   | 119     
Ceph-Biometrics-400_angle_A-L_3_4-L_17_18          | 20.4008  | 13.9638  | nan      | 0.8644   | 0.0169   | 0.0508   | 0.0678   | 118     
Ceph-Biometrics-400_distance_L-1-2                 | 17.6268  | 0.2988   | 0.0572   | 0.9231   | 0.1429   | 0.3956   | 0.5934   | 91      
Ceph-Biometrics-400_distance_L-1-10                | 12.6163  | 0.1783   | 0.0409   | 0.9011   | 0.3297   | 0.6044   | 0.7692   | 91      
Ceph-Biometrics-400_distance_L-2-5                 | 22.3578  | 0.3915   | 0.0725   | 0.9011   | 0.0330   | 0.1319   | 0.2857   | 91      
Ceph-Biometrics-400_distance_L-2-6                 | 18.3058  | 0.2027   | 0.0594   | 0.9011   | 0.3187   | 0.5495   | 0.6813   | 91      
Ceph-Biometrics-400_distance_L-2-7                 | 18.6950  | 0.1822   | 0.0606   | 0.8462   | 0.2418   | 0.5275   | 0.7582   | 91      
Ceph-Biometrics-400_distance_L-2-8                 | 14.9915  | 0.1416   | 0.0486   | 0.8901   | 0.3187   | 0.6703   | 0.8132   | 91      
Ceph-Biometrics-400_distance_L-3-4                 | 46.5358  | 0.6815   | 0.1509   | 0.8571   | 0.0220   | 0.0440   | 0.0440   | 91      
Ceph-Biometrics-400_distance_L-5-6                 | 12.3022  | 0.3655   | 0.0399   | 0.8352   | 0.0989   | 0.2418   | 0.3626   | 91      
Ceph-Biometrics-400_distance_L-8-10                | 26.3597  | 0.4089   | 0.0855   | 0.8791   | 0.0659   | 0.1758   | 0.2967   | 91      
Ceph-Biometrics-400_distance_L-9-10                | 28.9810  | 0.4310   | 0.0940   | 0.9341   | 0.0659   | 0.1209   | 0.2308   | 91      
Ceph-Biometrics-400_distance_L-17-18               | 20.8265  | 0.4864   | 0.0676   | 0.8889   | 0.0667   | 0.1778   | 0.2222   | 90      
FeTA24_distance_L-9-10                             | 42.2598  | 1.5150   | 0.2343   | 0.7500   | 0.0000   | 0.0000   | 0.0000   | 20      
FeTA24_distance_L-1-2                              | 34.4500  | 1.2225   | 0.1899   | 0.8500   | 0.0000   | 0.0000   | 0.0000   | 20      
FeTA24_distance_L-3-4                              | 28.1328  | 1.9801   | 0.1533   | 0.8000   | 0.0000   | 0.0500   | 0.0500   | 20      
FeTA24_distance_L-5-6                              | 31.4115  | 0.5747   | 0.1731   | 0.9000   | 0.0000   | 0.1000   | 0.2500   | 20      
FeTA24_distance_L-7-8                              | 24.2132  | 0.3952   | 0.1337   | 0.9500   | 0.0500   | 0.2500   | 0.4000   | 20      

====================================================================================================


Model: MedVision__fullRFT__qwen25vl-7b-fullSFT__AD-TL-D__512x512__PRxAnswer_s250
Weighted Average MAE: 4.1114, MRE: 0.2766, nMAE: 0.0129, SR: 0.9995 (Total Samples: 2057)
Weighted MRE<0.1: 0.6772 | Weighted MRE<0.2: 0.8070 | Weighted MRE<0.3: 0.8512

Group averages:
Group           | MAE      | MRE      | nMAE     | SR       | MRE<0.1  | MRE<0.2  | MRE<0.3  | Samples 
---------------------------------------------------------------------------------------------------
FeTA-Distance   | 5.6269   | 0.1580   | 0.0310   | 1.0000   | 0.4200   | 0.6900   | 0.9000   | 100     
Ceph-Angle      | 4.6836   | 0.5214   | nan      | 0.9990   | 0.5204   | 0.6447   | 0.7001   | 957     
Ceph-Distance   | 3.4122   | 0.0541   | 0.0111   | 1.0000   | 0.8530   | 0.9740   | 0.9910   | 1000    
Distance        | 3.6135   | 0.0635   | 0.0129   | 1.0000   | 0.8136   | 0.9482   | 0.9827   | 1100    
Angle           | 4.6836   | 0.5214   | nan      | 0.9990   | 0.5204   | 0.6447   | 0.7001   | 957     

Label-specific metrics:
Label                                              | MAE      | MRE      | nMAE     | SR       | MRE<0.1  | MRE<0.2  | MRE<0.3  | Samples 
-------------------------------------------------------------------------------------------------------------------------------------------
Ceph-Biometrics-400_angle_A-L_2_5-L_2_6            | 2.8635   | 1.2551   | nan      | 1.0000   | 0.0833   | 0.1750   | 0.3000   | 120     
Ceph-Biometrics-400_angle_A-L_1_2-L_2_6            | 7.2035   | 0.0910   | nan      | 1.0000   | 0.9000   | 0.9417   | 0.9417   | 120     
Ceph-Biometrics-400_angle_A-L_1_2-L_2_5            | 7.2070   | 0.0895   | nan      | 1.0000   | 0.9000   | 0.9417   | 0.9417   | 120     
Ceph-Biometrics-400_angle_A-L_5_6-L_8_10           | 5.1232   | 0.0798   | nan      | 1.0000   | 0.6750   | 0.9417   | 0.9917   | 120     
Ceph-Biometrics-400_angle_A-L_3_4-L_2_7            | 2.9493   | 0.0355   | nan      | 0.9917   | 0.9583   | 0.9833   | 0.9917   | 120     
Ceph-Biometrics-400_angle_A-L_1_2-L_9_10           | 5.0278   | 0.1550   | nan      | 1.0000   | 0.4250   | 0.7500   | 0.8833   | 120     
Ceph-Biometrics-400_angle_A-L_2_7-L_5_6            | 4.6980   | 1.2810   | nan      | 1.0000   | 0.1597   | 0.2437   | 0.2941   | 119     
Ceph-Biometrics-400_angle_A-L_3_4-L_17_18          | 2.3582   | 1.2022   | nan      | 1.0000   | 0.0508   | 0.1695   | 0.2458   | 118     
Ceph-Biometrics-400_distance_L-1-2                 | 2.6635   | 0.0448   | 0.0086   | 1.0000   | 0.9341   | 0.9890   | 0.9890   | 91      
Ceph-Biometrics-400_distance_L-1-10                | 4.1540   | 0.0588   | 0.0135   | 1.0000   | 0.8132   | 0.9780   | 0.9890   | 91      
Ceph-Biometrics-400_distance_L-2-5                 | 3.3537   | 0.0581   | 0.0109   | 1.0000   | 0.7802   | 0.9780   | 1.0000   | 91      
Ceph-Biometrics-400_distance_L-2-6                 | 4.3709   | 0.0486   | 0.0142   | 1.0000   | 0.9231   | 0.9890   | 0.9890   | 91      
Ceph-Biometrics-400_distance_L-2-7                 | 3.5511   | 0.0339   | 0.0115   | 1.0000   | 0.9560   | 0.9890   | 0.9890   | 91      
Ceph-Biometrics-400_distance_L-2-8                 | 3.0561   | 0.0277   | 0.0099   | 1.0000   | 0.9890   | 1.0000   | 1.0000   | 91      
Ceph-Biometrics-400_distance_L-3-4                 | 3.5354   | 0.0519   | 0.0115   | 1.0000   | 0.8791   | 1.0000   | 1.0000   | 91      
Ceph-Biometrics-400_distance_L-5-6                 | 3.7632   | 0.1113   | 0.0122   | 1.0000   | 0.5055   | 0.8681   | 0.9890   | 91      
Ceph-Biometrics-400_distance_L-8-10                | 3.4852   | 0.0553   | 0.0113   | 1.0000   | 0.8571   | 0.9780   | 1.0000   | 91      
Ceph-Biometrics-400_distance_L-9-10                | 3.4944   | 0.0537   | 0.0113   | 1.0000   | 0.8681   | 0.9780   | 0.9780   | 91      
Ceph-Biometrics-400_distance_L-17-18               | 2.0922   | 0.0509   | 0.0068   | 1.0000   | 0.8778   | 0.9667   | 0.9778   | 90      
FeTA24_distance_L-9-10                             | 5.5383   | 0.1989   | 0.0304   | 1.0000   | 0.3000   | 0.5000   | 0.8000   | 20      
FeTA24_distance_L-5-6                              | 6.0069   | 0.0974   | 0.0329   | 1.0000   | 0.6500   | 0.9500   | 1.0000   | 20      
FeTA24_distance_L-7-8                              | 10.2332  | 0.1522   | 0.0566   | 1.0000   | 0.3000   | 0.7000   | 0.9500   | 20      
FeTA24_distance_L-1-2                              | 3.8759   | 0.1320   | 0.0213   | 1.0000   | 0.4500   | 0.6500   | 0.9500   | 20      
FeTA24_distance_L-3-4                              | 2.4801   | 0.2094   | 0.0138   | 1.0000   | 0.4000   | 0.6500   | 0.8000   | 20      

====================================================================================================


Model: HuatuoGPT-Vision-34B_bugfix-09206a2
Weighted Average MAE: 5386.3515, MRE: 75.4545, nMAE: 13.5954, SR: 0.9689 (Total Samples: 2057)
Weighted MRE<0.1: 0.0457 | Weighted MRE<0.2: 0.0982 | Weighted MRE<0.3: 0.1420

Group averages:
Group           | MAE      | MRE      | nMAE     | SR       | MRE<0.1  | MRE<0.2  | MRE<0.3  | Samples 
---------------------------------------------------------------------------------------------------
FeTA-Distance   | 4231.3653 | 136.9745 | 23.3495  | 0.9800   | 0.0300   | 0.0400   | 0.0600   | 100     
Ceph-Angle      | 7069.9930 | 90.3270  | nan      | 0.9540   | 0.0366   | 0.0899   | 0.1233   | 957     
Ceph-Distance   | 3890.6052 | 55.0695  | 12.6200  | 0.9820   | 0.0560   | 0.1120   | 0.1680   | 1000    
Distance        | 3921.5834 | 62.5154  | 13.5954  | 0.9818   | 0.0536   | 0.1055   | 0.1582   | 1100    
Angle           | 7069.9930 | 90.3270  | nan      | 0.9540   | 0.0366   | 0.0899   | 0.1233   | 957     

Label-specific metrics:
Label                                              | MAE      | MRE      | nMAE     | SR       | MRE<0.1  | MRE<0.2  | MRE<0.3  | Samples 
-------------------------------------------------------------------------------------------------------------------------------------------
Ceph-Biometrics-400_angle_A-L_2_5-L_2_6            | 29.4440  | 19.1895  | nan      | 0.9333   | 0.0083   | 0.0167   | 0.0167   | 120     
Ceph-Biometrics-400_angle_A-L_1_2-L_2_6            | 59.6250  | 0.7475   | nan      | 0.9500   | 0.0417   | 0.1333   | 0.1917   | 120     
Ceph-Biometrics-400_angle_A-L_1_2-L_2_5            | 60.9689  | 0.7433   | nan      | 0.9667   | 0.0417   | 0.1083   | 0.1833   | 120     
Ceph-Biometrics-400_angle_A-L_5_6-L_8_10           | 48.8626  | 0.7375   | nan      | 0.9583   | 0.0333   | 0.0917   | 0.1333   | 120     
Ceph-Biometrics-400_angle_A-L_3_4-L_2_7            | 56068.4187 | 666.4864 | nan      | 0.9333   | 0.0750   | 0.1917   | 0.2250   | 120     
Ceph-Biometrics-400_angle_A-L_1_2-L_9_10           | 34.5929  | 1.0661   | nan      | 0.9667   | 0.0833   | 0.1417   | 0.1750   | 120     
Ceph-Biometrics-400_angle_A-L_2_7-L_5_6            | 34.4080  | 11.2003  | nan      | 0.9748   | 0.0000   | 0.0000   | 0.0168   | 119     
Ceph-Biometrics-400_angle_A-L_3_4-L_17_18          | 47.9604  | 20.6244  | nan      | 0.9492   | 0.0085   | 0.0339   | 0.0424   | 118     
Ceph-Biometrics-400_distance_L-1-2                 | 257.5839 | 4.5218   | 0.8355   | 0.9890   | 0.0989   | 0.2088   | 0.2857   | 91      
Ceph-Biometrics-400_distance_L-1-10                | 3246.8609 | 51.3856  | 10.5319  | 0.9670   | 0.0659   | 0.1319   | 0.2088   | 91      
Ceph-Biometrics-400_distance_L-2-5                 | 3911.3885 | 71.7518  | 12.6874  | 1.0000   | 0.0220   | 0.0549   | 0.0769   | 91      
Ceph-Biometrics-400_distance_L-2-6                 | 9584.2650 | 108.3583 | 31.0885  | 0.9890   | 0.0440   | 0.1099   | 0.1978   | 91      
Ceph-Biometrics-400_distance_L-2-7                 | 6647.4408 | 59.7280  | 21.5624  | 0.9890   | 0.0659   | 0.1648   | 0.2088   | 91      
Ceph-Biometrics-400_distance_L-2-8                 | 5343.1384 | 51.8093  | 17.3316  | 0.9890   | 0.1209   | 0.1538   | 0.2308   | 91      
Ceph-Biometrics-400_distance_L-3-4                 | 934.6480 | 13.6557  | 3.0317   | 0.9890   | 0.0440   | 0.0549   | 0.1209   | 91      
Ceph-Biometrics-400_distance_L-5-6                 | 2035.4093 | 62.7685  | 6.6023   | 0.9780   | 0.0549   | 0.0989   | 0.1209   | 91      
Ceph-Biometrics-400_distance_L-8-10                | 6581.9683 | 95.6938  | 21.3500  | 0.9670   | 0.0330   | 0.0659   | 0.0989   | 91      
Ceph-Biometrics-400_distance_L-9-10                | 1617.6594 | 25.1269  | 5.2472   | 0.9890   | 0.0220   | 0.0879   | 0.1099   | 91      
Ceph-Biometrics-400_distance_L-17-18               | 2622.3581 | 61.0304  | 8.5062   | 0.9556   | 0.0444   | 0.1000   | 0.1889   | 90      
FeTA24_distance_L-9-10                             | 2987.0554 | 127.3324 | 16.4911  | 1.0000   | 0.1000   | 0.1000   | 0.1000   | 20      
FeTA24_distance_L-5-6                              | 88.5264  | 1.4298   | 0.4883   | 1.0000   | 0.0000   | 0.0000   | 0.0000   | 20      
FeTA24_distance_L-7-8                              | 15077.4695 | 296.4734 | 83.2799  | 1.0000   | 0.0500   | 0.1000   | 0.1000   | 20      
FeTA24_distance_L-1-2                              | 240.2892 | 8.4077   | 1.3220   | 0.9500   | 0.0000   | 0.0000   | 0.0500   | 20      
FeTA24_distance_L-3-4                              | 2763.4860 | 251.2293 | 15.1664  | 0.9500   | 0.0000   | 0.0000   | 0.0500   | 20      

====================================================================================================


Model: MedDr__BF16
Weighted Average MAE: 78.0997, MRE: 3.8088, nMAE: 0.3685, SR: 0.9271 (Total Samples: 2057)
Weighted MRE<0.1: 0.0700 | Weighted MRE<0.2: 0.1070 | Weighted MRE<0.3: 0.1215

Group averages:
Group           | MAE      | MRE      | nMAE     | SR       | MRE<0.1  | MRE<0.2  | MRE<0.3  | Samples 
---------------------------------------------------------------------------------------------------
FeTA-Distance   | 115.3479 | 5.0372   | 0.6357   | 0.8200   | 0.0100   | 0.0500   | 0.0600   | 100     
Ceph-Angle      | 45.7259  | 5.9154   | nan      | 0.9446   | 0.0533   | 0.0805   | 0.0961   | 957     
Ceph-Distance   | 105.3566 | 1.6699   | 0.3417   | 0.9210   | 0.0920   | 0.1380   | 0.1520   | 1000    
Distance        | 106.2649 | 1.9760   | 0.3685   | 0.9118   | 0.0845   | 0.1300   | 0.1436   | 1100    
Angle           | 45.7259  | 5.9154   | nan      | 0.9446   | 0.0533   | 0.0805   | 0.0961   | 957     

Label-specific metrics:
Label                                              | MAE      | MRE      | nMAE     | SR       | MRE<0.1  | MRE<0.2  | MRE<0.3  | Samples 
-------------------------------------------------------------------------------------------------------------------------------------------
Ceph-Biometrics-400_angle_A-L_2_5-L_2_6            | 12.9897  | 4.5394   | nan      | 0.9583   | 0.0083   | 0.0083   | 0.0167   | 120     
Ceph-Biometrics-400_angle_A-L_1_2-L_2_6            | 62.0174  | 0.7806   | nan      | 0.9667   | 0.0833   | 0.1167   | 0.1667   | 120     
Ceph-Biometrics-400_angle_A-L_1_2-L_2_5            | 73.6053  | 0.8974   | nan      | 0.9000   | 0.0000   | 0.0583   | 0.0667   | 120     
Ceph-Biometrics-400_angle_A-L_5_6-L_8_10           | 45.2870  | 0.7013   | nan      | 0.9750   | 0.0000   | 0.0083   | 0.0333   | 120     
Ceph-Biometrics-400_angle_A-L_3_4-L_2_7            | 51.7823  | 0.6123   | nan      | 0.9833   | 0.3167   | 0.4000   | 0.4083   | 120     
Ceph-Biometrics-400_angle_A-L_1_2-L_9_10           | 52.1331  | 1.6098   | nan      | 0.8417   | 0.0000   | 0.0000   | 0.0000   | 120     
Ceph-Biometrics-400_angle_A-L_2_7-L_5_6            | 17.4608  | 7.8201   | nan      | 0.9580   | 0.0168   | 0.0504   | 0.0756   | 119     
Ceph-Biometrics-400_angle_A-L_3_4-L_17_18          | 50.3738  | 30.7927  | nan      | 0.9746   | 0.0000   | 0.0000   | 0.0000   | 118     
Ceph-Biometrics-400_distance_L-1-2                 | 73.4716  | 1.2350   | 0.2383   | 0.9890   | 0.0000   | 0.0000   | 0.0000   | 91      
Ceph-Biometrics-400_distance_L-1-10                | 297.1197 | 4.2380   | 0.9638   | 0.9670   | 0.0000   | 0.0110   | 0.0769   | 91      
Ceph-Biometrics-400_distance_L-2-5                 | 90.9395  | 1.6009   | 0.2950   | 0.9890   | 0.0000   | 0.0110   | 0.0110   | 91      
Ceph-Biometrics-400_distance_L-2-6                 | 65.6907  | 0.7366   | 0.2131   | 1.0000   | 0.1319   | 0.2857   | 0.3297   | 91      
Ceph-Biometrics-400_distance_L-2-7                 | 101.2304 | 0.9973   | 0.3284   | 1.0000   | 0.3956   | 0.4505   | 0.4835   | 91      
Ceph-Biometrics-400_distance_L-2-8                 | 50.0903  | 0.4582   | 0.1625   | 0.9890   | 0.4615   | 0.7253   | 0.7253   | 91      
Ceph-Biometrics-400_distance_L-3-4                 | 113.9283 | 1.6748   | 0.3696   | 0.6374   | 0.0000   | 0.0000   | 0.0110   | 91      
Ceph-Biometrics-400_distance_L-5-6                 | 101.5487 | 3.0754   | 0.3294   | 0.7363   | 0.0000   | 0.0110   | 0.0110   | 91      
Ceph-Biometrics-400_distance_L-8-10                | 117.5732 | 1.8259   | 0.3814   | 1.0000   | 0.0220   | 0.0220   | 0.0220   | 91      
Ceph-Biometrics-400_distance_L-9-10                | 110.8316 | 1.6847   | 0.3595   | 0.8242   | 0.0000   | 0.0000   | 0.0000   | 91      
Ceph-Biometrics-400_distance_L-17-18               | 35.7340  | 0.8326   | 0.1159   | 1.0000   | 0.0000   | 0.0000   | 0.0000   | 90      
FeTA24_distance_L-1-2                              | 223.9478 | 7.7701   | 1.2321   | 0.5500   | 0.0000   | 0.1000   | 0.1000   | 20      
FeTA24_distance_L-3-4                              | 165.5661 | 12.7534  | 0.9064   | 0.8500   | 0.0500   | 0.0500   | 0.0500   | 20      
FeTA24_distance_L-9-10                             | 76.3197  | 2.8822   | 0.4295   | 0.8000   | 0.0000   | 0.0000   | 0.0500   | 20      
FeTA24_distance_L-5-6                              | 54.9303  | 0.9373   | 0.3025   | 1.0000   | 0.0000   | 0.0500   | 0.0500   | 20      
FeTA24_distance_L-7-8                              | 55.9758  | 0.8427   | 0.3079   | 0.9000   | 0.0000   | 0.0500   | 0.0500   | 20      

====================================================================================================


Model: gemma-4-31B-it
Weighted Average MAE: 23.8304, MRE: 2.1938, nMAE: 0.0804, SR: 0.9456 (Total Samples: 2057)
Weighted MRE<0.1: 0.1123 | Weighted MRE<0.2: 0.2426 | Weighted MRE<0.3: 0.3456

Group averages:
Group           | MAE      | MRE      | nMAE     | SR       | MRE<0.1  | MRE<0.2  | MRE<0.3  | Samples 
---------------------------------------------------------------------------------------------------
FeTA-Distance   | 16.0178  | 0.6854   | 0.0883   | 1.0000   | 0.1200   | 0.2900   | 0.4600   | 100     
Ceph-Angle      | 23.8943  | 4.2799   | nan      | 0.8851   | 0.1170   | 0.2153   | 0.2780   | 957     
Ceph-Distance   | 24.5506  | 0.3481   | 0.0796   | 0.9980   | 0.1070   | 0.2640   | 0.3990   | 1000    
Distance        | 23.7749  | 0.3788   | 0.0804   | 0.9982   | 0.1082   | 0.2664   | 0.4045   | 1100    
Angle           | 23.8943  | 4.2799   | nan      | 0.8851   | 0.1170   | 0.2153   | 0.2780   | 957     

Label-specific metrics:
Label                                              | MAE      | MRE      | nMAE     | SR       | MRE<0.1  | MRE<0.2  | MRE<0.3  | Samples 
-------------------------------------------------------------------------------------------------------------------------------------------
Ceph-Biometrics-400_angle_A-L_2_5-L_2_6            | 8.3756   | 4.9332   | nan      | 1.0000   | 0.0333   | 0.0833   | 0.1750   | 120     
Ceph-Biometrics-400_angle_A-L_1_2-L_2_6            | 33.4975  | 0.4151   | nan      | 0.9167   | 0.1167   | 0.2750   | 0.3833   | 120     
Ceph-Biometrics-400_angle_A-L_1_2-L_2_5            | 13.6505  | 0.1641   | nan      | 0.4667   | 0.3167   | 0.3500   | 0.3667   | 120     
Ceph-Biometrics-400_angle_A-L_5_6-L_8_10           | 13.8635  | 0.2106   | nan      | 1.0000   | 0.2583   | 0.5417   | 0.7167   | 120     
Ceph-Biometrics-400_angle_A-L_3_4-L_2_7            | 53.6094  | 0.6315   | nan      | 0.9250   | 0.0500   | 0.0750   | 0.1000   | 120     
Ceph-Biometrics-400_angle_A-L_1_2-L_9_10           | 16.8628  | 0.4892   | nan      | 0.7833   | 0.1000   | 0.2167   | 0.2750   | 120     
Ceph-Biometrics-400_angle_A-L_2_7-L_5_6            | 10.3525  | 4.3806   | nan      | 1.0000   | 0.0588   | 0.1765   | 0.2017   | 119     
Ceph-Biometrics-400_angle_A-L_3_4-L_17_18          | 41.1165  | 23.3334  | nan      | 0.9915   | 0.0000   | 0.0000   | 0.0000   | 118     
Ceph-Biometrics-400_distance_L-1-2                 | 23.5320  | 0.3956   | 0.0763   | 1.0000   | 0.0659   | 0.1209   | 0.2747   | 91      
Ceph-Biometrics-400_distance_L-1-10                | 10.2500  | 0.1441   | 0.0332   | 1.0000   | 0.3736   | 0.7692   | 0.9231   | 91      
Ceph-Biometrics-400_distance_L-2-5                 | 18.1243  | 0.3153   | 0.0588   | 1.0000   | 0.1319   | 0.2967   | 0.4725   | 91      
Ceph-Biometrics-400_distance_L-2-6                 | 33.4296  | 0.3700   | 0.1084   | 0.9890   | 0.0549   | 0.1868   | 0.3407   | 91      
Ceph-Biometrics-400_distance_L-2-7                 | 36.1778  | 0.3481   | 0.1174   | 1.0000   | 0.0549   | 0.2527   | 0.4286   | 91      
Ceph-Biometrics-400_distance_L-2-8                 | 49.8446  | 0.4528   | 0.1617   | 0.9890   | 0.0000   | 0.0440   | 0.1209   | 91      
Ceph-Biometrics-400_distance_L-3-4                 | 29.7817  | 0.4365   | 0.0966   | 1.0000   | 0.0220   | 0.0879   | 0.1758   | 91      
Ceph-Biometrics-400_distance_L-5-6                 | 17.3354  | 0.5098   | 0.0562   | 1.0000   | 0.0000   | 0.0330   | 0.0769   | 91      
Ceph-Biometrics-400_distance_L-8-10                | 21.1391  | 0.3300   | 0.0686   | 1.0000   | 0.0989   | 0.2418   | 0.3956   | 91      
Ceph-Biometrics-400_distance_L-9-10                | 21.8704  | 0.3289   | 0.0709   | 1.0000   | 0.0989   | 0.2747   | 0.3956   | 91      
Ceph-Biometrics-400_distance_L-17-18               | 8.3938   | 0.1967   | 0.0272   | 1.0000   | 0.2778   | 0.6000   | 0.7889   | 90      
FeTA24_distance_L-5-6                              | 17.3697  | 0.3020   | 0.0957   | 1.0000   | 0.0000   | 0.1500   | 0.5500   | 20      
FeTA24_distance_L-7-8                              | 10.3937  | 0.1574   | 0.0574   | 1.0000   | 0.2500   | 0.7000   | 0.9500   | 20      
FeTA24_distance_L-1-2                              | 9.0414   | 0.3172   | 0.0495   | 1.0000   | 0.2000   | 0.4000   | 0.5500   | 20      
FeTA24_distance_L-3-4                              | 22.2831  | 1.8276   | 0.1229   | 1.0000   | 0.0000   | 0.0000   | 0.0000   | 20      
FeTA24_distance_L-9-10                             | 21.0012  | 0.8228   | 0.1158   | 1.0000   | 0.1500   | 0.2000   | 0.2500   | 20      

====================================================================================================


Model: Qwen3-VL-32B-Thinking
Weighted Average MAE: 78.7190, MRE: 2.8175, nMAE: 0.3923, SR: 0.8498 (Total Samples: 2057)
Weighted MRE<0.1: 0.1157 | Weighted MRE<0.2: 0.2158 | Weighted MRE<0.3: 0.2946

Group averages:
Group           | MAE      | MRE      | nMAE     | SR       | MRE<0.1  | MRE<0.2  | MRE<0.3  | Samples 
---------------------------------------------------------------------------------------------------
FeTA-Distance   | 30.8815  | 1.2319   | 0.1698   | 0.9900   | 0.0700   | 0.1200   | 0.2200   | 100     
Ceph-Angle      | 32.4252  | 3.7822   | nan      | 0.6959   | 0.0355   | 0.0815   | 0.1306   | 957     
Ceph-Distance   | 127.8060 | 2.0529   | 0.4146   | 0.9830   | 0.1970   | 0.3540   | 0.4590   | 1000    
Distance        | 118.9947 | 1.9782   | 0.3923   | 0.9836   | 0.1855   | 0.3327   | 0.4373   | 1100    
Angle           | 32.4252  | 3.7822   | nan      | 0.6959   | 0.0355   | 0.0815   | 0.1306   | 957     

Label-specific metrics:
Label                                              | MAE      | MRE      | nMAE     | SR       | MRE<0.1  | MRE<0.2  | MRE<0.3  | Samples 
-------------------------------------------------------------------------------------------------------------------------------------------
Ceph-Biometrics-400_angle_A-L_2_5-L_2_6            | 3.9633   | 2.9119   | nan      | 0.5833   | 0.0500   | 0.0500   | 0.1000   | 120     
Ceph-Biometrics-400_angle_A-L_1_2-L_2_6            | 50.0886  | 0.6286   | nan      | 0.7167   | 0.0167   | 0.0250   | 0.0833   | 120     
Ceph-Biometrics-400_angle_A-L_1_2-L_2_5            | 47.1306  | 0.5756   | nan      | 0.7917   | 0.0417   | 0.1083   | 0.1833   | 120     
Ceph-Biometrics-400_angle_A-L_5_6-L_8_10           | 25.5236  | 0.3826   | nan      | 0.7750   | 0.1000   | 0.2417   | 0.3667   | 120     
Ceph-Biometrics-400_angle_A-L_3_4-L_2_7            | 63.3711  | 0.7478   | nan      | 0.6333   | 0.0000   | 0.0000   | 0.0083   | 120     
Ceph-Biometrics-400_angle_A-L_1_2-L_9_10           | 24.4792  | 0.7721   | nan      | 0.8167   | 0.0500   | 0.1333   | 0.2083   | 120     
Ceph-Biometrics-400_angle_A-L_2_7-L_5_6            | 6.3406   | 1.5763   | nan      | 0.4370   | 0.0168   | 0.0756   | 0.0756   | 119     
Ceph-Biometrics-400_angle_A-L_3_4-L_17_18          | 38.3867  | 22.9637  | nan      | 0.8136   | 0.0085   | 0.0169   | 0.0169   | 118     
Ceph-Biometrics-400_distance_L-1-2                 | 37.7371  | 0.6351   | 0.1224   | 0.9890   | 0.0000   | 0.0000   | 0.0440   | 91      
Ceph-Biometrics-400_distance_L-1-10                | 1014.1799 | 16.6103  | 3.2897   | 0.9560   | 0.0769   | 0.2088   | 0.3736   | 91      
Ceph-Biometrics-400_distance_L-2-5                 | 17.3186  | 0.3141   | 0.0562   | 0.9890   | 0.1758   | 0.3956   | 0.5165   | 91      
Ceph-Biometrics-400_distance_L-2-6                 | 11.9492  | 0.1354   | 0.0388   | 0.9780   | 0.5275   | 0.7692   | 0.8681   | 91      
Ceph-Biometrics-400_distance_L-2-7                 | 17.5131  | 0.1667   | 0.0568   | 1.0000   | 0.3736   | 0.6484   | 0.9121   | 91      
Ceph-Biometrics-400_distance_L-2-8                 | 13.7561  | 0.1239   | 0.0446   | 1.0000   | 0.4835   | 0.8791   | 0.9451   | 91      
Ceph-Biometrics-400_distance_L-3-4                 | 16.9418  | 0.2492   | 0.0550   | 0.9560   | 0.2418   | 0.4615   | 0.6593   | 91      
Ceph-Biometrics-400_distance_L-5-6                 | 17.5251  | 0.5231   | 0.0568   | 0.9670   | 0.0549   | 0.0879   | 0.1209   | 91      
Ceph-Biometrics-400_distance_L-8-10                | 207.2120 | 2.8841   | 0.6721   | 1.0000   | 0.1099   | 0.1978   | 0.2418   | 91      
Ceph-Biometrics-400_distance_L-9-10                | 30.5139  | 0.4557   | 0.0990   | 0.9780   | 0.0659   | 0.1319   | 0.2418   | 91      
Ceph-Biometrics-400_distance_L-17-18               | 20.0347  | 0.4666   | 0.0650   | 1.0000   | 0.0556   | 0.1111   | 0.1222   | 90      
FeTA24_distance_L-9-10                             | 41.5773  | 1.5502   | 0.2288   | 1.0000   | 0.0500   | 0.0500   | 0.0500   | 20      
FeTA24_distance_L-1-2                              | 28.4280  | 0.9613   | 0.1559   | 1.0000   | 0.0500   | 0.0500   | 0.0500   | 20      
FeTA24_distance_L-3-4                              | 35.5315  | 2.8597   | 0.1958   | 1.0000   | 0.0000   | 0.0000   | 0.0500   | 20      
FeTA24_distance_L-5-6                              | 23.9878  | 0.3994   | 0.1302   | 1.0000   | 0.1000   | 0.2000   | 0.5500   | 20      
FeTA24_distance_L-7-8                              | 24.8829  | 0.3889   | 0.1382   | 0.9500   | 0.1500   | 0.3000   | 0.4000   | 20      

====================================================================================================


Model: MedVision__fullSFT__Qwen2.5VL-7B__D110k-AD5k-TL5k__CoT__512x512__v2
Weighted Average MAE: 4.9509, MRE: 0.2883, nMAE: 0.0149, SR: 1.0000 (Total Samples: 2057)
Weighted MRE<0.1: 0.6427 | Weighted MRE<0.2: 0.7846 | Weighted MRE<0.3: 0.8328

Group averages:
Group           | MAE      | MRE      | nMAE     | SR       | MRE<0.1  | MRE<0.2  | MRE<0.3  | Samples 
---------------------------------------------------------------------------------------------------
FeTA-Distance   | 5.5768   | 0.1821   | 0.0307   | 1.0000   | 0.3500   | 0.7200   | 0.8600   | 100     
Ceph-Angle      | 5.7720   | 0.5334   | nan      | 1.0000   | 0.4880   | 0.6113   | 0.6729   | 957     
Ceph-Distance   | 4.1026   | 0.0643   | 0.0133   | 1.0000   | 0.8200   | 0.9570   | 0.9830   | 1000    
Distance        | 4.2366   | 0.0750   | 0.0149   | 1.0000   | 0.7773   | 0.9355   | 0.9718   | 1100    
Angle           | 5.7720   | 0.5334   | nan      | 1.0000   | 0.4880   | 0.6113   | 0.6729   | 957     

Label-specific metrics:
Label                                              | MAE      | MRE      | nMAE     | SR       | MRE<0.1  | MRE<0.2  | MRE<0.3  | Samples 
-------------------------------------------------------------------------------------------------------------------------------------------
Ceph-Biometrics-400_angle_A-L_2_5-L_2_6            | 2.1987   | 1.1938   | nan      | 1.0000   | 0.0833   | 0.1833   | 0.2750   | 120     
Ceph-Biometrics-400_angle_A-L_1_2-L_2_6            | 11.9351  | 0.1488   | nan      | 1.0000   | 0.8250   | 0.8750   | 0.8750   | 120     
Ceph-Biometrics-400_angle_A-L_1_2-L_2_5            | 11.7595  | 0.1425   | nan      | 1.0000   | 0.8500   | 0.8833   | 0.8833   | 120     
Ceph-Biometrics-400_angle_A-L_5_6-L_8_10           | 6.0093   | 0.0954   | nan      | 1.0000   | 0.6000   | 0.8917   | 0.9667   | 120     
Ceph-Biometrics-400_angle_A-L_3_4-L_2_7            | 2.7317   | 0.0328   | nan      | 1.0000   | 0.9667   | 1.0000   | 1.0000   | 120     
Ceph-Biometrics-400_angle_A-L_1_2-L_9_10           | 4.6084   | 0.1442   | nan      | 1.0000   | 0.4000   | 0.7250   | 0.9083   | 120     
Ceph-Biometrics-400_angle_A-L_2_7-L_5_6            | 4.0901   | 1.0466   | nan      | 1.0000   | 0.0756   | 0.1765   | 0.2521   | 119     
Ceph-Biometrics-400_angle_A-L_3_4-L_17_18          | 2.7795   | 1.4830   | nan      | 1.0000   | 0.0932   | 0.1441   | 0.2119   | 118     
Ceph-Biometrics-400_distance_L-1-2                 | 3.0122   | 0.0509   | 0.0098   | 1.0000   | 0.8791   | 0.9780   | 1.0000   | 91      
Ceph-Biometrics-400_distance_L-1-10                | 4.2353   | 0.0605   | 0.0137   | 1.0000   | 0.8242   | 0.9780   | 0.9890   | 91      
Ceph-Biometrics-400_distance_L-2-5                 | 3.9919   | 0.0701   | 0.0129   | 1.0000   | 0.8022   | 0.9670   | 0.9780   | 91      
Ceph-Biometrics-400_distance_L-2-6                 | 4.4370   | 0.0501   | 0.0144   | 1.0000   | 0.9451   | 0.9890   | 0.9890   | 91      
Ceph-Biometrics-400_distance_L-2-7                 | 6.2117   | 0.0604   | 0.0201   | 1.0000   | 0.9451   | 0.9670   | 0.9670   | 91      
Ceph-Biometrics-400_distance_L-2-8                 | 4.4674   | 0.0414   | 0.0145   | 1.0000   | 0.9780   | 0.9780   | 0.9780   | 91      
Ceph-Biometrics-400_distance_L-3-4                 | 3.8859   | 0.0574   | 0.0126   | 1.0000   | 0.8132   | 0.9890   | 1.0000   | 91      
Ceph-Biometrics-400_distance_L-5-6                 | 4.2408   | 0.1253   | 0.0138   | 1.0000   | 0.4615   | 0.7692   | 0.9560   | 91      
Ceph-Biometrics-400_distance_L-8-10                | 3.6969   | 0.0583   | 0.0120   | 1.0000   | 0.7802   | 1.0000   | 1.0000   | 91      
Ceph-Biometrics-400_distance_L-9-10                | 3.9282   | 0.0605   | 0.0127   | 1.0000   | 0.8242   | 0.9560   | 0.9780   | 91      
Ceph-Biometrics-400_distance_L-17-18               | 3.0091   | 0.0727   | 0.0098   | 1.0000   | 0.7667   | 0.9556   | 0.9778   | 90      
FeTA24_distance_L-5-6                              | 6.0836   | 0.1042   | 0.0334   | 1.0000   | 0.4000   | 0.9000   | 1.0000   | 20      
FeTA24_distance_L-7-8                              | 7.4914   | 0.1109   | 0.0412   | 1.0000   | 0.4500   | 1.0000   | 1.0000   | 20      
FeTA24_distance_L-1-2                              | 5.4050   | 0.1985   | 0.0297   | 1.0000   | 0.2500   | 0.6500   | 0.8000   | 20      
FeTA24_distance_L-3-4                              | 2.9810   | 0.2686   | 0.0165   | 1.0000   | 0.3500   | 0.5500   | 0.7500   | 20      
FeTA24_distance_L-9-10                             | 5.9229   | 0.2285   | 0.0326   | 1.0000   | 0.3000   | 0.5000   | 0.7500   | 20      

====================================================================================================


Model: Llama-3.2-11B-Vision-Instruct_bugfix-2eb7706
Weighted Average MAE: 2511.2128, MRE: 39.1206, nMAE: 15.6788, SR: 0.9922 (Total Samples: 2057)
Weighted MRE<0.1: 0.0263 | Weighted MRE<0.2: 0.0642 | Weighted MRE<0.3: 0.1065

Group averages:
Group           | MAE      | MRE      | nMAE     | SR       | MRE<0.1  | MRE<0.2  | MRE<0.3  | Samples 
---------------------------------------------------------------------------------------------------
FeTA-Distance   | 2634.0058 | 79.2573  | 14.5160  | 0.9600   | 0.0700   | 0.0800   | 0.1300   | 100     
Ceph-Angle      | 34.1925  | 2.8712   | nan      | 1.0000   | 0.0324   | 0.0805   | 0.1296   | 957     
Ceph-Distance   | 4869.4420 | 69.7977  | 15.7950  | 0.9880   | 0.0160   | 0.0470   | 0.0820   | 1000    
Distance        | 4666.2205 | 70.6577  | 15.6788  | 0.9855   | 0.0209   | 0.0500   | 0.0864   | 1100    
Angle           | 34.1925  | 2.8712   | nan      | 1.0000   | 0.0324   | 0.0805   | 0.1296   | 957     

Label-specific metrics:
Label                                              | MAE      | MRE      | nMAE     | SR       | MRE<0.1  | MRE<0.2  | MRE<0.3  | Samples 
-------------------------------------------------------------------------------------------------------------------------------------------
Ceph-Biometrics-400_angle_A-L_2_5-L_2_6            | 20.6424  | 11.7827  | nan      | 1.0000   | 0.0000   | 0.0000   | 0.0250   | 120     
Ceph-Biometrics-400_angle_A-L_1_2-L_2_6            | 44.8449  | 0.5576   | nan      | 1.0000   | 0.1000   | 0.2000   | 0.2833   | 120     
Ceph-Biometrics-400_angle_A-L_1_2-L_2_5            | 55.4665  | 0.6768   | nan      | 1.0000   | 0.0667   | 0.1250   | 0.1583   | 120     
Ceph-Biometrics-400_angle_A-L_5_6-L_8_10           | 48.5341  | 0.7305   | nan      | 1.0000   | 0.0250   | 0.0917   | 0.1833   | 120     
Ceph-Biometrics-400_angle_A-L_3_4-L_2_7            | 53.8013  | 0.6325   | nan      | 1.0000   | 0.0167   | 0.0917   | 0.2083   | 120     
Ceph-Biometrics-400_angle_A-L_1_2-L_9_10           | 30.1935  | 0.9184   | nan      | 1.0000   | 0.0167   | 0.0417   | 0.0500   | 120     
Ceph-Biometrics-400_angle_A-L_2_7-L_5_6            | 12.3502  | 4.7123   | nan      | 1.0000   | 0.0252   | 0.0336   | 0.0504   | 119     
Ceph-Biometrics-400_angle_A-L_3_4-L_17_18          | 7.0731   | 2.9756   | nan      | 1.0000   | 0.0085   | 0.0593   | 0.0763   | 118     
Ceph-Biometrics-400_distance_L-1-2                 | 748.7986 | 12.6315  | 2.4289   | 0.9890   | 0.0659   | 0.1758   | 0.1978   | 91      
Ceph-Biometrics-400_distance_L-1-10                | 6131.1886 | 93.1367  | 19.8878  | 1.0000   | 0.0330   | 0.0989   | 0.2967   | 91      
Ceph-Biometrics-400_distance_L-2-5                 | 225.5749 | 4.1923   | 0.7317   | 1.0000   | 0.0110   | 0.0110   | 0.0110   | 91      
Ceph-Biometrics-400_distance_L-2-6                 | 18344.7744 | 193.3050 | 59.5051  | 1.0000   | 0.0000   | 0.0659   | 0.1209   | 91      
Ceph-Biometrics-400_distance_L-2-7                 | 1627.0431 | 15.8846  | 5.2777   | 0.9890   | 0.0000   | 0.0220   | 0.0330   | 91      
Ceph-Biometrics-400_distance_L-2-8                 | 6187.3830 | 58.7891  | 20.0701  | 0.9890   | 0.0220   | 0.0220   | 0.0769   | 91      
Ceph-Biometrics-400_distance_L-3-4                 | 95.3025  | 1.4088   | 0.3091   | 1.0000   | 0.0000   | 0.0330   | 0.0330   | 91      
Ceph-Biometrics-400_distance_L-5-6                 | 25.3774  | 0.7659   | 0.0823   | 1.0000   | 0.0000   | 0.0220   | 0.0330   | 91      
Ceph-Biometrics-400_distance_L-8-10                | 11164.0538 | 179.0788 | 36.2129  | 0.9890   | 0.0220   | 0.0330   | 0.0549   | 91      
Ceph-Biometrics-400_distance_L-9-10                | 355.8274 | 5.0290   | 1.1542   | 1.0000   | 0.0110   | 0.0110   | 0.0110   | 91      
Ceph-Biometrics-400_distance_L-17-18               | 8700.6392 | 205.0392 | 28.2223  | 0.9111   | 0.0111   | 0.0222   | 0.0333   | 90      
FeTA24_distance_L-5-6                              | 4921.2333 | 96.7343  | 27.1277  | 0.8500   | 0.0000   | 0.0000   | 0.0500   | 20      
FeTA24_distance_L-7-8                              | 36.4432  | 0.5382   | 0.2001   | 0.9500   | 0.3000   | 0.3000   | 0.4500   | 20      
FeTA24_distance_L-1-2                              | 378.8241 | 13.2627  | 2.0833   | 1.0000   | 0.0000   | 0.0000   | 0.0000   | 20      
FeTA24_distance_L-3-4                              | 163.8467 | 10.8446  | 0.9050   | 1.0000   | 0.0500   | 0.1000   | 0.1500   | 20      
FeTA24_distance_L-9-10                             | 7669.6815 | 274.9064 | 42.2640  | 1.0000   | 0.0000   | 0.0000   | 0.0000   | 20      

====================================================================================================


Model: MiniMax-M3-INT4
Weighted Average MAE: 17.9333, MRE: 2.3822, nMAE: 0.0626, SR: 0.7472 (Total Samples: 2057)
Weighted MRE<0.1: 0.1570 | Weighted MRE<0.2: 0.3004 | Weighted MRE<0.3: 0.4059

Group averages:
Group           | MAE      | MRE      | nMAE     | SR       | MRE<0.1  | MRE<0.2  | MRE<0.3  | Samples 
---------------------------------------------------------------------------------------------------
FeTA-Distance   | 20.8885  | 0.7178   | 0.1149   | 0.9800   | 0.0600   | 0.1800   | 0.2900   | 100     
Ceph-Angle      | 17.8881  | 4.7710   | nan      | 0.4859   | 0.0846   | 0.1557   | 0.2048   | 957     
Ceph-Distance   | 17.6809  | 0.2626   | 0.0574   | 0.9740   | 0.2360   | 0.4510   | 0.6100   | 1000    
Distance        | 17.9725  | 0.3040   | 0.0626   | 0.9745   | 0.2200   | 0.4264   | 0.5809   | 1100    
Angle           | 17.8881  | 4.7710   | nan      | 0.4859   | 0.0846   | 0.1557   | 0.2048   | 957     

Label-specific metrics:
Label                                              | MAE      | MRE      | nMAE     | SR       | MRE<0.1  | MRE<0.2  | MRE<0.3  | Samples 
-------------------------------------------------------------------------------------------------------------------------------------------
Ceph-Biometrics-400_angle_A-L_2_5-L_2_6            | 3.3322   | 2.8806   | nan      | 0.7333   | 0.0667   | 0.1167   | 0.1917   | 120     
Ceph-Biometrics-400_angle_A-L_1_2-L_2_6            | 17.4727  | 0.2169   | nan      | 0.3667   | 0.1500   | 0.2417   | 0.2500   | 120     
Ceph-Biometrics-400_angle_A-L_1_2-L_2_5            | 17.1905  | 0.2129   | nan      | 0.3000   | 0.1250   | 0.1583   | 0.2500   | 120     
Ceph-Biometrics-400_angle_A-L_5_6-L_8_10           | 16.0673  | 0.2421   | nan      | 0.5667   | 0.1417   | 0.3000   | 0.3833   | 120     
Ceph-Biometrics-400_angle_A-L_3_4-L_2_7            | 29.6564  | 0.3477   | nan      | 0.4667   | 0.1250   | 0.2167   | 0.2500   | 120     
Ceph-Biometrics-400_angle_A-L_1_2-L_9_10           | 15.5185  | 0.4569   | nan      | 0.5417   | 0.0417   | 0.1417   | 0.2000   | 120     
Ceph-Biometrics-400_angle_A-L_2_7-L_5_6            | 8.6868   | 2.7489   | nan      | 0.5882   | 0.0252   | 0.0672   | 0.1008   | 119     
Ceph-Biometrics-400_angle_A-L_3_4-L_17_18          | 35.3955  | 31.4906  | nan      | 0.3220   | 0.0000   | 0.0000   | 0.0085   | 118     
Ceph-Biometrics-400_distance_L-1-2                 | 15.6656  | 0.2637   | 0.0508   | 0.9890   | 0.1648   | 0.4176   | 0.5934   | 91      
Ceph-Biometrics-400_distance_L-1-10                | 20.9146  | 0.3047   | 0.0678   | 1.0000   | 0.2527   | 0.4176   | 0.5714   | 91      
Ceph-Biometrics-400_distance_L-2-5                 | 14.7579  | 0.2599   | 0.0479   | 0.9451   | 0.2527   | 0.4176   | 0.5495   | 91      
Ceph-Biometrics-400_distance_L-2-6                 | 19.1808  | 0.2104   | 0.0622   | 0.9670   | 0.2967   | 0.5495   | 0.6703   | 91      
Ceph-Biometrics-400_distance_L-2-7                 | 20.4550  | 0.1970   | 0.0664   | 0.9780   | 0.2967   | 0.5385   | 0.7582   | 91      
Ceph-Biometrics-400_distance_L-2-8                 | 17.2714  | 0.1558   | 0.0560   | 0.9890   | 0.3297   | 0.7143   | 0.8571   | 91      
Ceph-Biometrics-400_distance_L-3-4                 | 37.8434  | 0.5554   | 0.1228   | 0.9670   | 0.0330   | 0.0549   | 0.0879   | 91      
Ceph-Biometrics-400_distance_L-5-6                 | 9.5012   | 0.2757   | 0.0308   | 0.9341   | 0.1978   | 0.3516   | 0.5275   | 91      
Ceph-Biometrics-400_distance_L-8-10                | 14.7001  | 0.2304   | 0.0477   | 0.9890   | 0.2527   | 0.5055   | 0.6923   | 91      
Ceph-Biometrics-400_distance_L-9-10                | 15.3431  | 0.2298   | 0.0498   | 0.9780   | 0.2527   | 0.4835   | 0.6923   | 91      
Ceph-Biometrics-400_distance_L-17-18               | 8.7593   | 0.2053   | 0.0284   | 0.9778   | 0.2667   | 0.5111   | 0.7111   | 90      
FeTA24_distance_L-5-6                              | 27.0088  | 0.4767   | 0.1485   | 1.0000   | 0.0000   | 0.0500   | 0.2500   | 20      
FeTA24_distance_L-7-8                              | 23.5324  | 0.3647   | 0.1296   | 0.9500   | 0.0500   | 0.2500   | 0.3500   | 20      
FeTA24_distance_L-1-2                              | 12.9453  | 0.4542   | 0.0714   | 1.0000   | 0.1500   | 0.4000   | 0.4500   | 20      
FeTA24_distance_L-3-4                              | 14.9600  | 1.2420   | 0.0826   | 1.0000   | 0.0000   | 0.0500   | 0.1500   | 20      
FeTA24_distance_L-9-10                             | 25.9960  | 1.0512   | 0.1424   | 0.9500   | 0.1000   | 0.1500   | 0.2500   | 20      

====================================================================================================


Model: GLM-4.6V-Flash-Budget16k
Weighted Average MAE: 32.5268, MRE: 2.7734, nMAE: 0.1052, SR: 0.9942 (Total Samples: 2057)
Weighted MRE<0.1: 0.1040 | Weighted MRE<0.2: 0.1740 | Weighted MRE<0.3: 0.2557

Group averages:
Group           | MAE      | MRE      | nMAE     | SR       | MRE<0.1  | MRE<0.2  | MRE<0.3  | Samples 
---------------------------------------------------------------------------------------------------
FeTA-Distance   | 32.9711  | 1.4668   | 0.1817   | 0.9700   | 0.1100   | 0.2200   | 0.2700   | 100     
Ceph-Angle      | 35.0403  | 5.3173   | nan      | 0.9906   | 0.0805   | 0.1233   | 0.1755   | 957     
Ceph-Distance   | 30.0769  | 0.4695   | 0.0976   | 1.0000   | 0.1260   | 0.2180   | 0.3310   | 1000    
Distance        | 30.3400  | 0.5602   | 0.1052   | 0.9973   | 0.1245   | 0.2182   | 0.3255   | 1100    
Angle           | 35.0403  | 5.3173   | nan      | 0.9906   | 0.0805   | 0.1233   | 0.1755   | 957     

Label-specific metrics:
Label                                              | MAE      | MRE      | nMAE     | SR       | MRE<0.1  | MRE<0.2  | MRE<0.3  | Samples 
-------------------------------------------------------------------------------------------------------------------------------------------
Ceph-Biometrics-400_angle_A-L_2_5-L_2_6            | 6.9138   | 6.6490   | nan      | 0.9750   | 0.0583   | 0.1167   | 0.1667   | 120     
Ceph-Biometrics-400_angle_A-L_1_2-L_2_6            | 49.4006  | 0.6189   | nan      | 1.0000   | 0.0500   | 0.0833   | 0.1083   | 120     
Ceph-Biometrics-400_angle_A-L_1_2-L_2_5            | 45.1800  | 0.5507   | nan      | 0.9833   | 0.1833   | 0.2083   | 0.2167   | 120     
Ceph-Biometrics-400_angle_A-L_5_6-L_8_10           | 28.3788  | 0.4246   | nan      | 1.0000   | 0.1500   | 0.2417   | 0.3750   | 120     
Ceph-Biometrics-400_angle_A-L_3_4-L_2_7            | 57.2483  | 0.6748   | nan      | 0.9917   | 0.0667   | 0.1000   | 0.1583   | 120     
Ceph-Biometrics-400_angle_A-L_1_2-L_9_10           | 24.4967  | 0.7475   | nan      | 0.9917   | 0.1167   | 0.2000   | 0.3000   | 120     
Ceph-Biometrics-400_angle_A-L_2_7-L_5_6            | 31.4834  | 10.7917  | nan      | 0.9832   | 0.0084   | 0.0252   | 0.0504   | 119     
Ceph-Biometrics-400_angle_A-L_3_4-L_17_18          | 37.2279  | 22.4115  | nan      | 1.0000   | 0.0085   | 0.0085   | 0.0254   | 118     
Ceph-Biometrics-400_distance_L-1-2                 | 20.4184  | 0.3463   | 0.0662   | 1.0000   | 0.1978   | 0.3516   | 0.4835   | 91      
Ceph-Biometrics-400_distance_L-1-10                | 24.8880  | 0.3628   | 0.0807   | 1.0000   | 0.1758   | 0.3516   | 0.5385   | 91      
Ceph-Biometrics-400_distance_L-2-5                 | 31.9662  | 0.5732   | 0.1037   | 1.0000   | 0.0879   | 0.1758   | 0.2967   | 91      
Ceph-Biometrics-400_distance_L-2-6                 | 35.0217  | 0.3962   | 0.1136   | 1.0000   | 0.1209   | 0.1868   | 0.3407   | 91      
Ceph-Biometrics-400_distance_L-2-7                 | 34.3380  | 0.3345   | 0.1114   | 1.0000   | 0.1758   | 0.3077   | 0.4505   | 91      
Ceph-Biometrics-400_distance_L-2-8                 | 34.1238  | 0.3148   | 0.1107   | 1.0000   | 0.2198   | 0.3077   | 0.4505   | 91      
Ceph-Biometrics-400_distance_L-3-4                 | 40.7655  | 0.6056   | 0.1322   | 1.0000   | 0.0659   | 0.1319   | 0.2198   | 91      
Ceph-Biometrics-400_distance_L-5-6                 | 22.4467  | 0.6690   | 0.0728   | 1.0000   | 0.0220   | 0.0769   | 0.1099   | 91      
Ceph-Biometrics-400_distance_L-8-10                | 27.9948  | 0.4355   | 0.0908   | 1.0000   | 0.1319   | 0.2308   | 0.3516   | 91      
Ceph-Biometrics-400_distance_L-9-10                | 28.5503  | 0.4235   | 0.0926   | 1.0000   | 0.1648   | 0.2527   | 0.3736   | 91      
Ceph-Biometrics-400_distance_L-17-18               | 30.3356  | 0.7061   | 0.0984   | 1.0000   | 0.0222   | 0.0222   | 0.0222   | 90      
FeTA24_distance_L-9-10                             | 45.3344  | 1.6374   | 0.2514   | 0.9000   | 0.0500   | 0.0500   | 0.0500   | 20      
FeTA24_distance_L-5-6                              | 14.1222  | 0.2385   | 0.0786   | 1.0000   | 0.2500   | 0.5500   | 0.7000   | 20      
FeTA24_distance_L-7-8                              | 25.1325  | 0.3919   | 0.1381   | 1.0000   | 0.1500   | 0.3500   | 0.4500   | 20      
FeTA24_distance_L-1-2                              | 29.4778  | 0.9762   | 0.1619   | 0.9500   | 0.1000   | 0.1500   | 0.1500   | 20      
FeTA24_distance_L-3-4                              | 50.7885  | 4.0901   | 0.2787   | 1.0000   | 0.0000   | 0.0000   | 0.0000   | 20      

====================================================================================================


Model: MedGemma-27b-it-Budget8k
Weighted Average MAE: 3357.9951, MRE: 50.8449, nMAE: 20.3749, SR: 0.6796 (Total Samples: 2057)
Weighted MRE<0.1: 0.0676 | Weighted MRE<0.2: 0.1099 | Weighted MRE<0.3: 0.1633

Group averages:
Group           | MAE      | MRE      | nMAE     | SR       | MRE<0.1  | MRE<0.2  | MRE<0.3  | Samples 
---------------------------------------------------------------------------------------------------
FeTA-Distance   | 662.1080 | 9.1712   | 3.6579   | 0.4900   | 0.0300   | 0.0600   | 0.0800   | 100     
Ceph-Angle      | 46.4441  | 10.2483  | nan      | 0.9300   | 0.0679   | 0.0951   | 0.1421   | 957     
Ceph-Distance   | 6796.7382 | 93.8632  | 22.0466  | 0.4590   | 0.0710   | 0.1290   | 0.1920   | 1000    
Distance        | 6239.0445 | 86.1640  | 20.3749  | 0.4618   | 0.0673   | 0.1227   | 0.1818   | 1100    
Angle           | 46.4441  | 10.2483  | nan      | 0.9300   | 0.0679   | 0.0951   | 0.1421   | 957     

Label-specific metrics:
Label                                              | MAE      | MRE      | nMAE     | SR       | MRE<0.1  | MRE<0.2  | MRE<0.3  | Samples 
-------------------------------------------------------------------------------------------------------------------------------------------
Ceph-Biometrics-400_angle_A-L_2_5-L_2_6            | 21.4223  | 11.7772  | nan      | 0.9667   | 0.0083   | 0.0083   | 0.0167   | 120     
Ceph-Biometrics-400_angle_A-L_1_2-L_2_6            | 36.8645  | 0.4648   | nan      | 0.9083   | 0.2583   | 0.3250   | 0.3917   | 120     
Ceph-Biometrics-400_angle_A-L_1_2-L_2_5            | 44.0639  | 0.5376   | nan      | 0.7500   | 0.1000   | 0.1417   | 0.1667   | 120     
Ceph-Biometrics-400_angle_A-L_5_6-L_8_10           | 51.7901  | 0.8030   | nan      | 0.9333   | 0.0750   | 0.1000   | 0.1417   | 120     
Ceph-Biometrics-400_angle_A-L_3_4-L_2_7            | 44.4162  | 0.5244   | nan      | 0.9917   | 0.0500   | 0.0750   | 0.2250   | 120     
Ceph-Biometrics-400_angle_A-L_1_2-L_9_10           | 40.3902  | 1.2774   | nan      | 1.0000   | 0.0333   | 0.0667   | 0.1250   | 120     
Ceph-Biometrics-400_angle_A-L_2_7-L_5_6            | 58.7181  | 23.0302  | nan      | 0.9496   | 0.0084   | 0.0336   | 0.0504   | 119     
Ceph-Biometrics-400_angle_A-L_3_4-L_17_18          | 74.4566  | 44.2452  | nan      | 0.9407   | 0.0085   | 0.0085   | 0.0169   | 118     
Ceph-Biometrics-400_distance_L-1-2                 | 7512.8375 | 127.4581 | 24.3694  | 0.4615   | 0.0110   | 0.0440   | 0.0879   | 91      
Ceph-Biometrics-400_distance_L-1-10                | 39.0496  | 0.5544   | 0.1267   | 0.7253   | 0.0000   | 0.0440   | 0.1319   | 91      
Ceph-Biometrics-400_distance_L-2-5                 | 2282.1494 | 37.7727  | 7.4026   | 0.2747   | 0.0440   | 0.0879   | 0.1209   | 91      
Ceph-Biometrics-400_distance_L-2-6                 | 2532.1743 | 26.5548  | 8.2136   | 0.5055   | 0.0879   | 0.1868   | 0.3736   | 91      
Ceph-Biometrics-400_distance_L-2-7                 | 4709.0334 | 45.9732  | 15.2747  | 0.5934   | 0.1429   | 0.2308   | 0.3297   | 91      
Ceph-Biometrics-400_distance_L-2-8                 | 24889.2843 | 247.7215 | 80.7335  | 0.5055   | 0.1758   | 0.3187   | 0.4286   | 91      
Ceph-Biometrics-400_distance_L-3-4                 | 4503.1725 | 67.0824  | 14.6070  | 0.5165   | 0.0879   | 0.1648   | 0.2308   | 91      
Ceph-Biometrics-400_distance_L-5-6                 | 1288.5542 | 37.9380  | 4.1797   | 0.4396   | 0.0330   | 0.0549   | 0.0769   | 91      
Ceph-Biometrics-400_distance_L-8-10                | 14224.9865 | 223.9803 | 46.1417  | 0.2857   | 0.0220   | 0.0549   | 0.0549   | 91      
Ceph-Biometrics-400_distance_L-9-10                | 12696.5709 | 216.1511 | 41.1840  | 0.2418   | 0.0110   | 0.0110   | 0.0110   | 91      
Ceph-Biometrics-400_distance_L-17-18               | 11.7468  | 0.2808   | 0.0381   | 0.5000   | 0.1667   | 0.2222   | 0.2667   | 90      
FeTA24_distance_L-9-10                             | 72.9236  | 2.8846   | 0.4036   | 0.5500   | 0.0000   | 0.0000   | 0.0000   | 20      
FeTA24_distance_L-5-6                              | 38.1975  | 0.6256   | 0.2108   | 0.2500   | 0.0500   | 0.1000   | 0.1000   | 20      
FeTA24_distance_L-7-8                              | 3111.9177 | 36.4744  | 17.1915  | 0.6000   | 0.0500   | 0.1500   | 0.2500   | 20      
FeTA24_distance_L-1-2                              | 31.2964  | 1.0808   | 0.1720   | 0.3500   | 0.0500   | 0.0500   | 0.0500   | 20      
FeTA24_distance_L-3-4                              | 56.2048  | 4.7907   | 0.3118   | 0.7000   | 0.0000   | 0.0000   | 0.0000   | 20      

====================================================================================================


Model: Qwen2.5-VL-7B-Instruct
Weighted Average MAE: 34035.0582, MRE: 519.6399, nMAE: 209.0873, SR: 0.9796 (Total Samples: 2057)
Weighted MRE<0.1: 0.0117 | Weighted MRE<0.2: 0.0248 | Weighted MRE<0.3: 0.0462

Group averages:
Group           | MAE      | MRE      | nMAE     | SR       | MRE<0.1  | MRE<0.2  | MRE<0.3  | Samples 
---------------------------------------------------------------------------------------------------
FeTA-Distance   | 13536.3098 | 455.6846 | 74.4352  | 0.8100   | 0.0000   | 0.0000   | 0.0000   | 100     
Ceph-Angle      | 48.0082  | 7.2486   | nan      | 0.9760   | 0.0199   | 0.0449   | 0.0899   | 957     
Ceph-Distance   | 68610.5399 | 1016.3939 | 222.5525 | 1.0000   | 0.0050   | 0.0080   | 0.0090   | 1000    
Distance        | 63603.7917 | 965.4203 | 209.0873 | 0.9827   | 0.0045   | 0.0073   | 0.0082   | 1100    
Angle           | 48.0082  | 7.2486   | nan      | 0.9760   | 0.0199   | 0.0449   | 0.0899   | 957     

Label-specific metrics:
Label                                              | MAE      | MRE      | nMAE     | SR       | MRE<0.1  | MRE<0.2  | MRE<0.3  | Samples 
-------------------------------------------------------------------------------------------------------------------------------------------
Ceph-Biometrics-400_angle_A-L_2_5-L_2_6            | 31.1359  | 12.5645  | nan      | 0.9917   | 0.0083   | 0.0250   | 0.0333   | 120     
Ceph-Biometrics-400_angle_A-L_1_2-L_2_6            | 52.9666  | 0.6623   | nan      | 0.9917   | 0.0083   | 0.0167   | 0.0583   | 120     
Ceph-Biometrics-400_angle_A-L_1_2-L_2_5            | 53.4517  | 0.6505   | nan      | 0.9917   | 0.0250   | 0.0333   | 0.0833   | 120     
Ceph-Biometrics-400_angle_A-L_5_6-L_8_10           | 58.6243  | 0.8871   | nan      | 0.9167   | 0.0083   | 0.0500   | 0.0833   | 120     
Ceph-Biometrics-400_angle_A-L_3_4-L_2_7            | 46.6518  | 0.5491   | nan      | 0.9750   | 0.0333   | 0.0833   | 0.2583   | 120     
Ceph-Biometrics-400_angle_A-L_1_2-L_9_10           | 44.5017  | 1.3700   | nan      | 0.9750   | 0.0667   | 0.1417   | 0.1917   | 120     
Ceph-Biometrics-400_angle_A-L_2_7-L_5_6            | 59.1135  | 17.7082  | nan      | 0.9832   | 0.0000   | 0.0000   | 0.0000   | 119     
Ceph-Biometrics-400_angle_A-L_3_4-L_17_18          | 37.5383  | 23.9627  | nan      | 0.9831   | 0.0085   | 0.0085   | 0.0085   | 118     
Ceph-Biometrics-400_distance_L-1-2                 | 26131.5310 | 446.6645 | 84.7630  | 1.0000   | 0.0110   | 0.0110   | 0.0110   | 91      
Ceph-Biometrics-400_distance_L-1-10                | 102496.2140 | 1450.5162 | 332.4677 | 1.0000   | 0.0000   | 0.0000   | 0.0000   | 91      
Ceph-Biometrics-400_distance_L-2-5                 | 253722.1630 | 4070.8328 | 823.0004 | 1.0000   | 0.0000   | 0.0000   | 0.0000   | 91      
Ceph-Biometrics-400_distance_L-2-6                 | 19184.0190 | 217.2975 | 62.2273  | 1.0000   | 0.0000   | 0.0000   | 0.0000   | 91      
Ceph-Biometrics-400_distance_L-2-7                 | 35871.2646 | 354.6328 | 116.3559 | 1.0000   | 0.0000   | 0.0330   | 0.0330   | 91      
Ceph-Biometrics-400_distance_L-2-8                 | 148604.6433 | 1340.0763 | 482.0299 | 1.0000   | 0.0330   | 0.0330   | 0.0440   | 91      
Ceph-Biometrics-400_distance_L-3-4                 | 46431.3362 | 684.8987 | 150.6097 | 1.0000   | 0.0000   | 0.0000   | 0.0000   | 91      
Ceph-Biometrics-400_distance_L-5-6                 | 39193.0338 | 1184.1682 | 127.1307 | 1.0000   | 0.0000   | 0.0000   | 0.0000   | 91      
Ceph-Biometrics-400_distance_L-8-10                | 31337.0978 | 491.8519 | 101.6484 | 1.0000   | 0.0000   | 0.0000   | 0.0000   | 91      
Ceph-Biometrics-400_distance_L-9-10                | 31318.9992 | 469.3941 | 101.5897 | 1.0000   | 0.0110   | 0.0110   | 0.0110   | 91      
Ceph-Biometrics-400_distance_L-17-18               | 19890.2488 | 463.9285 | 64.5181  | 1.0000   | 0.0000   | 0.0000   | 0.0000   | 90      
FeTA24_distance_L-1-2                              | 8820.7580 | 302.2890 | 48.0878  | 0.9000   | 0.0000   | 0.0000   | 0.0000   | 20      
FeTA24_distance_L-3-4                              | 6250.4440 | 469.7447 | 34.1936  | 1.0000   | 0.0000   | 0.0000   | 0.0000   | 20      
FeTA24_distance_L-5-6                              | 562.4500 | 11.3636  | 3.1654   | 0.5000   | 0.0000   | 0.0000   | 0.0000   | 20      
FeTA24_distance_L-7-8                              | 18290.1042 | 269.5896 | 100.2160 | 0.7000   | 0.0000   | 0.0000   | 0.0000   | 20      
FeTA24_distance_L-9-10                             | 33757.7929 | 1225.4362 | 186.5133 | 0.9500   | 0.0000   | 0.0000   | 0.0000   | 20      

====================================================================================================
